74.9993 105.316 -0.359754 -0.359754 -0.359754 -0.359754 -0.359754 -0.359754 -0.359754 -0.359754 -0.359754 -0.359754 -0.359754 -0.359754 -0.359754 -0.359754 -0.359754 -0.359754 -0.359754 -0.359754 -0.359754 -0.359754 -0.359754 -0.359754 -0.359754 -0.359754 -0.359754 -0.359754 -0.359754 -0.359754 -0.359754 -0.359754 
89.6355 43.679 -0.359754 -0.359754 -0.359754 -0.359754 -0.359754 -0.359754 -0.359754 -0.359754 62.1279 192.935 278.039 346.693 355.366 254.002 205.021 98.5099 89.6864 177.776 148.832 85.4139 165.638 192.93 128.542 216.245 228.424 189.6 123.188 83.1089 75.1187 21.9464 
-0.359754 -0.359754 -0.359754 -0.359754 20.6881 117.319 213.703 195.35 177.933 163.181 227.806 197.911 236.692 200.178 226.36 238.391 447.602 436.934 554.892 437.41 307.648 316.994 481.713 486.018 507.049 589.891 558.771 492.032 483.339 437.52 287.148 120.573 
247.417 289.602 273.007 234.936 141.319 89.9236 40.0324 51.4678 40.4906 9.61924 -0.359754 -0.359754 -0.359754 -0.359754 -0.359754 -0.359754 -0.359754 -0.359754 51.6055 5.41223 -0.359754 -0.359754 -0.359754 -0.359754 -0.359754 -0.359754 -0.359754 -0.359754 -0.359754 -0.359754 13.8946 106.706 
25.9492 -0.359754 38.228 -0.359754 6.81594 39.3358 -0.359754 -0.359754 -0.359754 -0.359754 -0.359754 -0.359754 15.6036 160.244 152.646 14.5984 -0.359754 -0.359754 -0.359754 -0.359754 -0.359754 -0.359754 67.265 141.057 59.0818 -0.359754 15.1719 69.779 135.511 -0.359754 31.8995 17.2542 
-0.359754 -0.359754 -0.359754 -0.359754 -0.359754 -0.359754 -0.359754 3.68978 36.2762 203.145 261.288 280.827 277.837 200.448 249.633 393.211 351.071 312.516 394.665 282.914 278.366 36.2189 48.0341 119.171 236.219 217.719 31.846 91.2956 18.476 126.687 60.7275 34.5865 
261.652 389.693 480.99 564.36 679.707 769.131 798.897 651.232 493.986 254.855 150.158 164.831 97.2914 -0.359754 -0.359754 -0.359754 -0.359754 -0.359754 -0.359754 -0.359754 -0.359754 -0.359754 -0.359754 -0.359754 -0.359754 -0.359754 -0.359754 -0.359754 -0.359754 -0.359754 57.3773 134.388 
435.373 739.061 644.652 380.628 160.672 -0.359754 -0.359754 -0.359754 -0.359754 -0.359754 -0.359754 -0.359754 -0.359754 53.0964 70.7746 -0.359754 -0.359754 13.4231 123.116 192.676 135.82 179.123 102.251 -0.359754 -0.359754 54.9003 192.329 317.467 279.198 353.384 403.898 311.779 
-0.359754 -0.359754 -0.359754 -0.359754 -0.359754 -0.359754 -0.359754 -0.359754 -0.359754 63.1772 150.567 110.635 143.812 307.707 383.386 248.423 206.982 86.8917 30.5976 128.333 242.559 320.911 366.827 474.175 650.48 606.121 623.581 391.058 228.299 15.6857 23.8369 -0.359754 
191.976 103.506 171.966 211.548 195.307 214.799 316.521 317.095 300.002 464.809 254.037 -0.359754 -0.359754 -0.359754 -0.359754 106.118 77.001 38.4308 -0.359754 -0.359754 63.8439 72.4489 373.01 325.941 163.031 19.4472 -0.359754 -0.359754 -0.359754 -0.359754 -0.359754 -0.359754 
182.707 60.6814 -0.359754 -0.359754 -0.359754 28.7312 50.4289 6.01203 74.8807 159.414 267.428 448.973 506.359 368.979 174.84 184.74 173.453 364.632 571.081 636.094 324.96 -0.359754 -0.359754 -0.359754 -0.359754 -0.359754 -0.359754 52.1301 74.8784 111.551 126.886 53.5945 
89.6477 3.90578 85.5833 174.395 228.603 207.951 136.247 59.4049 17.7048 -0.359754 -0.359754 108.427 204.977 239.173 357.038 319.525 365.45 107.734 86.1834 41.7075 -0.359754 -0.359754 -0.359754 -0.359754 -0.359754 4.96504 37.3616 -0.359754 -0.359754 -0.359754 35.6881 -0.359754 
230.35 233.342 189.749 111.476 50.1131 19.4777 39.906 73.8564 86.8456 67.6286 48.997 -0.359754 -0.359754 -0.359754 -0.359754 -0.359754 -0.359754 -0.359754 -0.359754 -0.359754 -0.359754 7.02591 73.5022 113.351 74.8293 9.52297 -0.359754 -0.359754 -0.359754 -0.359754 -0.359754 -0.359754 
58.9094 76.6215 28.0473 -0.359754 -0.359754 -0.359754 -0.359754 -0.359754 -0.359754 -0.359754 -0.359754 -0.359754 -0.359754 -0.359754 -0.359754 -0.359754 -0.359754 -0.359754 -0.359754 43.0151 72.6296 70.8686 33.9252 -0.359754 -0.359754 -0.359754 52.509 111.235 -0.359754 6.77474 -0.359754 -0.359754 
-0.359754 1.96393 28.1324 44.7376 52.8618 50.4199 44.221 -0.359754 -0.359754 -0.359754 -0.359754 -0.359754 -0.359754 -0.359754 -0.359754 -0.359754 -0.359754 -0.359754 76.2235 29.6594 9.14042 -0.359754 -0.359754 -0.359754 -0.359754 -0.359754 49.2194 4.78433 91.5336 47.3069 -0.359754 14.4229 
-0.359754 -0.359754 -0.359754 2.54227 -0.359754 -0.359754 -0.359754 -0.359754 -0.359754 26.9139 30.9564 -0.359754 -0.359754 -0.359754 92.0334 127.512 105.888 59.3415 -0.359754 -0.359754 -0.359754 -0.359754 -0.359754 -0.359754 -0.359754 -0.359754 -0.359754 -0.359754 89.8036 110.012 144.674 28.689 
8.87513 -0.359754 -0.359754 -0.359754 -0.359754 -0.359754 -0.359754 -0.359754 -0.359754 -0.359754 56.6807 166.803 230.298 204.284 155.214 32.8135 -0.359754 -0.359754 -0.359754 -0.359754 -0.359754 -0.359754 -0.359754 -0.359754 -0.359754 -0.359754 -0.359754 70.5598 79.5716 120.036 113.614 -0.359754 
-0.359754 -0.359754 -0.359754 -0.359754 -0.359754 -0.359754 -0.359754 -0.359754 4.3601 -0.359754 -0.359754 -0.359754 -0.359754 -0.359754 -0.359754 3.72989 -0.359754 -0.359754 -0.359754 -0.359754 -0.359754 -0.359754 -0.359754 -0.359754 -0.359754 29.0951 106.967 25.7067 -0.359754 37.2502 4.16266 -0.359754 
84.6713 102.119 24.2827 -0.359754 -0.359754 -0.359754 55.3632 104.363 -0.359754 -0.359754 -0.359754 -0.359754 -0.359754 -0.359754 -0.359754 -0.359754 -0.359754 -0.359754 -0.359754 -0.359754 -0.359754 -0.359754 -0.359754 208.502 351.602 426.117 331.409 236.002 124.635 57.1936 12.0203 -0.359754 
45.5027 47.6296 86.7305 85.1053 98.7856 107.105 75.0087 -0.359754 -0.359754 53.1972 240.3 500.015 268.717 -0.359754 -0.359754 -0.359754 -0.359754 -0.359754 -0.359754 -0.359754 -0.359754 150.832 263.164 204.19 69.7819 -0.359754 -0.359754 47.9648 98.3443 84.7038 49.6069 -0.359754 
47.0811 -0.359754 -0.359754 -0.359754 -0.359754 -0.359754 -0.359754 1.90237 22.4125 -0.359754 67.0655 8.20337 70.3711 -0.359754 -0.359754 -0.359754 -0.359754 -0.359754 -0.359754 134.996 242.28 226.669 103.317 -0.359754 -0.359754 12.5668 80.0377 114.71 139.942 199.821 255.209 93.3536 
112.562 -0.359754 -0.359754 -0.359754 -0.359754 -0.359754 -0.359754 13.5332 -0.359754 35.9344 47.8537 55.8454 106.913 104.582 16.6204 -0.359754 -0.359754 132.947 241.765 267.256 184.724 71.2307 41.2881 70.7464 135.083 162.35 172.846 116.994 97.248 67.6355 65.0526 -0.359754 
32.5621 -0.359754 -0.359754 -0.359754 -0.359754 -0.359754 -0.359754 -0.359754 -0.359754 81.2146 92.4081 82.5933 67.7045 41.5298 102.332 146.093 220.24 249.877 191.026 80.1102 18.3182 46.9465 119.256 135.145 121.277 118.052 109.795 126.039 129.142 110.098 89.9543 -0.359754 
182.981 156.955 -0.359754 -0.359754 -0.359754 -0.359754 -0.359754 -0.359754 75.3784 118.514 120.078 96.0598 -0.359754 7.66056 74.1067 165.104 171.294 93.854 24.683 -0.359754 13.9751 58.3983 53.8701 49.9163 66.1065 85.4466 87.4094 100.09 124.359 150.911 190.002 53.8543 
36.2032 6.65964 -0.359754 -0.359754 -0.359754 -0.359754 -0.359754 -0.359754 52.0331 67.4977 94.3521 48.953 61.0476 123.323 139.826 119.483 21.8297 22.2646 49.5437 78.4141 86.2251 87.3222 113.506 130.585 135.475 163.672 204.411 207.913 212.267 212.229 195.385 78.8021 
24.1175 -0.359754 5.67596 -0.359754 -0.359754 -0.359754 -0.359754 -0.359754 -0.359754 -0.359754 -0.359754 10.2945 146.617 55.5915 131.487 56.3066 48.8902 109.317 135.737 144.383 121.355 126.046 137.119 143.23 150.457 154.971 206.116 219.677 231.025 236.23 215.962 137.99 
55.4944 54.3575 18.7331 26.6769 43.5044 58.9865 64.7057 59.8133 40.0467 63.4351 -0.359754 52.4593 -0.359754 73.048 86.1147 86.2674 146.277 106.631 113.125 111.25 96.5707 97.3154 93.1729 103.991 156.199 231.108 227.489 257.029 191.205 175.892 195.28 94.1918 
28.4474 2.81251 19.1438 25.7021 26.1537 39.3652 20.9894 36.5936 114.193 123.83 181.329 99.3939 156.998 129.013 79.6139 116.105 110.929 129.932 128.337 123.155 113.344 90.4566 100.564 150.277 175.765 205.345 180.623 153.291 121.643 136.105 158.05 67.9846 
17.5237 36.8004 92.8938 186.267 271.864 329.939 317.866 351.53 410.683 449.177 318.346 234.082 164.12 137.129 149.441 140.634 124.105 100.331 119.431 137.582 168.77 194.288 224.131 249.222 234.939 178.504 184.581 150.202 160.104 164.292 141.221 74.4076 
77.7166 162.564 196.127 176.307 177.938 112.3 150.303 74.3166 15.7257 -0.359754 4.37025 57.852 104.014 135.185 157.232 172.949 174.034 148.545 149.826 174.161 226.411 232.748 244.782 197.026 199.626 188.499 193.59 159.673 163.122 148.238 154.782 96.3241 
201.964 235.032 168.509 45.35 -0.359754 -0.359754 -0.359754 -0.359754 -0.359754 47.0009 119.829 169.071 165.54 130.51 106.399 94.7607 114.101 159.999 198.823 252.951 246.011 212.623 142.225 128.862 113.8 146.682 116.399 130.932 129.589 124.743 160.851 88.1033 
-0.359754 -0.359754 -0.359754 -0.359754 -0.359754 -0.359754 -0.359754 -0.359754 -0.359754 -0.359754 -0.359754 -0.359754 -0.359754 -0.359754 -0.359754 -0.359754 -0.359754 -0.359754 -0.359754 -0.359754 -0.359754 -0.359754 -0.359754 -0.359754 -0.359754 -0.359754 -0.359754 -0.359754 -0.359754 -0.359754 -0.359754 -0.359754 
