-0.40206 -0.40206 -0.40206 -0.40206 -0.40206 108.069 -0.40206 -0.40206 4.30321 6.19859 -0.40206 138.46 479.25 180.09 160.805 19.8308 
-0.40206 -0.40206 -0.40206 -0.40206 -0.40206 -0.40206 -0.40206 -0.40206 -0.40206 -0.40206 -0.40206 -0.40206 -0.40206 38.2458 115.294 -0.40206 
-0.40206 -0.40206 -0.40206 -0.40206 -0.40206 -0.40206 -0.40206 -0.40206 -0.40206 -0.40206 -0.40206 -0.40206 -0.40206 -0.40206 -0.40206 -0.40206 
-0.40206 -0.40206 -0.40206 -0.40206 -0.40206 -0.40206 -0.40206 -0.40206 -0.40206 -0.40206 -0.40206 -0.40206 -0.40206 -0.40206 -0.40206 -0.40206 
-0.40206 -0.40206 -0.40206 -0.40206 -0.40206 -0.40206 -0.40206 -0.40206 -0.40206 -0.40206 -0.40206 -0.40206 -0.40206 -0.40206 -0.40206 -0.40206 
-0.40206 -0.40206 -0.40206 -0.40206 -0.40206 -0.40206 -0.40206 -0.40206 -0.40206 -0.40206 -0.40206 -0.40206 -0.40206 -0.40206 -0.40206 -0.40206 
-0.40206 -0.40206 -0.40206 -0.40206 -0.40206 -0.40206 -0.40206 -0.40206 -0.40206 -0.40206 -0.40206 -0.40206 -0.40206 -0.40206 -0.40206 -0.40206 
-0.40206 -0.40206 -0.40206 -0.40206 -0.40206 -0.40206 -0.40206 -0.40206 -0.40206 -0.40206 -0.40206 -0.40206 -0.40206 -0.40206 -0.40206 -0.40206 
-0.40206 -0.40206 -0.40206 -0.40206 -0.40206 -0.40206 -0.40206 -0.40206 -0.40206 -0.40206 -0.40206 -0.40206 -0.40206 -0.40206 -0.40206 -0.40206 
-0.40206 -0.40206 -0.40206 -0.40206 -0.40206 -0.40206 -0.40206 -0.40206 -0.40206 -0.40206 -0.40206 -0.40206 -0.40206 -0.40206 -0.40206 -0.40206 
-0.40206 -0.40206 -0.40206 -0.40206 -0.40206 -0.40206 -0.40206 -0.40206 -0.40206 -0.40206 -0.40206 -0.40206 -0.40206 -0.40206 -0.40206 -0.40206 
-0.40206 -0.40206 -0.40206 -0.40206 -0.40206 -0.40206 -0.40206 -0.40206 -0.40206 -0.40206 -0.40206 -0.40206 -0.40206 -0.40206 -0.40206 -0.40206 
-0.40206 -0.40206 -0.40206 -0.40206 -0.40206 -0.40206 -0.40206 -0.40206 -0.40206 -0.40206 -0.40206 -0.40206 -0.40206 -0.40206 -0.40206 -0.40206 
-0.40206 -0.40206 -0.40206 -0.40206 -0.40206 -0.40206 -0.40206 -0.40206 -0.40206 -0.40206 -0.40206 -0.40206 -0.40206 -0.40206 -0.40206 43.8286 
-0.40206 -0.40206 -0.40206 -0.40206 -0.40206 -0.40206 -0.40206 -0.40206 140.172 29.2814 48.5577 -0.40206 -0.40206 -0.40206 -0.40206 -0.40206 
-0.40206 -0.40206 -0.40206 -0.40206 -0.40206 -0.40206 -0.40206 -0.40206 -0.40206 -0.40206 -0.40206 -0.40206 -0.40206 -0.40206 -0.40206 -0.40206 
