2.88223 4.04173 0 0 0 0 0 0 0 0 0 0 0 0 0 0 0 0 0 0 0 0 0 0 0 0 0 0 0 0 0 0 
3.44201 1.68433 0 0 0 0 0 0 0 0 2.38994 7.39285 10.6478 13.2736 13.6053 9.72845 7.85513 3.78142 3.44396 6.81308 5.70606 3.28055 6.34885 7.39265 4.93006 8.28439 8.75018 7.26529 4.72529 3.19239 2.88679 0.853135 
0 0 0 0 0.80501 4.50081 8.18715 7.48523 6.81909 6.25487 8.72657 7.58316 9.06641 7.66989 8.67124 9.13139 17.133 16.725 21.2365 16.7432 11.7802 12.1377 18.4376 18.6023 19.4067 22.5751 21.3848 18.8323 18.4998 16.7474 10.9962 4.62527 
9.4766 11.09 10.4553 8.99927 5.41872 3.45303 1.54486 1.98223 1.56239 0.381662 0 0 0 0 0 0 0 0 1.98749 0.220758 0 0 0 0 0 0 0 0 0 0 0.545179 4.0949 
1.00623 0 1.47585 0 0.274446 1.51822 0 0 0 0 0 0 0.610543 6.14254 5.85195 0.572099 0 0 0 0 0 0 2.58641 5.40869 2.27344 0 0.594032 2.68256 5.19658 0 1.23381 0.673675 
0 0 0 0 0 0 0 0.154881 1.4012 7.78335 10.0071 10.7544 10.6401 7.68021 9.56136 15.0527 13.441 11.9664 15.1083 10.8343 10.6603 1.39901 1.8509 4.57166 9.04831 8.34077 1.23176 3.5055 0.720405 4.85908 2.33638 1.33657 
10.021 14.9182 18.41 21.5986 26.0102 29.4304 30.5688 24.9211 18.907 9.76107 5.75677 6.31797 3.73482 0 0 0 0 0 0 0 0 0 0 0 0 0 0 0 0 0 2.20824 5.15364 
16.6653 28.2803 24.6695 14.5715 6.15891 0 0 0 0 0 0 0 0 2.04451 2.72064 0 0 0.527149 4.72253 7.38296 5.2084 6.8646 3.9245 0 0 2.11351 7.36967 12.1558 10.6921 13.5295 15.4615 11.9382 
0 0 0 0 0 0 0 0 0 2.43007 5.77243 4.24515 5.51407 11.7825 14.6769 9.51507 7.93011 3.33707 1.18401 4.92205 9.29081 12.2875 14.0436 18.1493 24.8924 23.1958 23.8636 14.9704 8.74541 0.613685 0.925438 0 
7.35618 3.97253 6.59087 8.10474 7.48358 8.22908 12.1196 12.1415 11.4878 17.7911 9.72981 0 0 0 0 4.07241 2.95878 1.4836 0 0 2.45557 2.78468 14.2801 12.4799 6.24913 0.757546 0 0 0 0 0 0 
7.00166 2.33462 0 0 0 1.11263 1.94249 0.243699 2.87769 6.11078 10.242 17.1855 19.3802 14.1259 6.70078 7.07944 6.64775 13.9597 21.8556 24.3422 12.4424 0 0 0 0 0 0 2.00756 2.8776 4.2802 4.8667 2.06357 
3.44248 0.163142 3.28703 6.68377 8.75705 7.96715 5.22473 2.28579 0.690908 0 0 4.1607 7.85341 9.1613 13.6692 12.2345 13.991 4.13423 3.30998 1.60893 0 0 0 0 0 0.203655 1.44271 0 0 0 1.37871 0 
8.82385 8.93827 7.27099 4.27732 1.93041 0.758716 1.54003 2.83851 3.33531 2.60032 1.88772 0 0 0 0 0 0 0 0 0 0 0.282476 2.82497 4.34905 2.87572 0.37798 0 0 0 0 0 0 
2.26684 2.94427 1.08647 0 0 0 0 0 0 0 0 0 0 0 0 0 0 0 0 1.65894 2.79159 2.72424 1.31128 0 0 0 2.02205 4.26811 0 0.27287 0 0 
0 0.0888729 1.08973 1.72482 2.03554 1.94215 1.70506 0 0 0 0 0 0 0 0 0 0 0 2.92905 1.14813 0.363349 0 0 0 0 0 1.89623 0.196744 3.51461 1.82309 0 0.565386 
0 0 0 0.110992 0 0 0 0 0 1.04312 1.19773 0 0 0 3.53372 4.89065 4.06361 2.28337 0 0 0 0 0 0 0 0 0 0 3.44844 4.22134 5.54704 1.11101 
0.353203 0 0 0 0 0 0 0 0 0 2.1816 6.39342 8.82187 7.82691 5.95017 1.26876 0 0 0 0 0 0 0 0 0 0 0 2.71243 3.0571 4.60471 4.3591 0 
0 0 0 0 0 0 0 0 0.180518 0 0 0 0 0 0 0.156415 0 0 0 0 0 0 0 0 0 1.12655 4.10487 0.996951 0 1.43845 0.172967 0 
3.25215 3.91947 0.942489 0 0 0 2.13121 4.00528 0 0 0 0 0 0 0 0 0 0 0 0 0 0 0 7.98824 13.4613 16.3113 12.689 9.04003 4.7806 2.20122 0.473495 0 
1.75408 1.83543 3.3309 3.26874 3.79197 4.11015 2.88258 0 0 2.04837 9.20442 19.1376 10.2913 0 0 0 0 0 0 0 0 5.78258 10.0789 7.82333 2.68268 0 0 1.84825 3.77509 3.25339 1.91105 0 
1.81445 0 0 0 0 0 0 0.0865185 0.87096 0 2.57879 0.32751 2.70521 0 0 0 0 0 0 5.17688 9.28013 8.68307 3.96526 0 0 0.494398 3.07492 4.40101 5.36605 7.65621 9.77463 3.58421 
4.31886 0 0 0 0 0 0 0.531359 0 1.38813 1.844 2.14966 4.1028 4.01366 0.649431 0 0 5.09852 9.26042 10.2354 7.07881 2.73809 1.59289 2.71957 5.18021 6.22309 6.62452 4.48838 3.73316 2.60058 2.5018 0 
1.25915 0 0 0 0 0 0 0 0 3.11994 3.54805 3.17267 2.60322 1.60213 3.92762 5.6013 8.4372 9.57071 7.31983 3.0777 0.714369 1.8093 4.57489 5.1826 4.65218 4.52885 4.21303 4.8343 4.953 4.22463 3.4542 0 
7.01217 6.01674 0 0 0 0 0 0 2.89672 4.5465 4.60632 3.68772 0 0.306749 2.84808 6.32844 6.56518 3.60335 0.9578 0 0.548258 2.24729 2.07411 1.92289 2.5421 3.2818 3.35687 3.84186 4.77007 5.78558 7.28068 2.0735 
1.39841 0.268468 0 0 0 0 0 0 2.00384 2.59531 3.6224 1.88604 2.34862 4.73044 5.36163 4.58359 0.848669 0.865305 1.90863 3.01283 3.31157 3.35353 4.35498 5.00817 5.19519 6.27366 7.8318 7.9657 8.13223 8.1308 7.48657 3.02767 
0.936172 0 0.230845 0 0 0 0 0 0 0 0 0.407488 5.62134 2.13994 5.0427 2.16729 1.88364 4.19475 5.20524 5.53589 4.65518 4.83459 5.25808 5.49181 5.76822 5.94086 7.89698 8.41564 8.84967 9.04874 8.27355 5.29139 
2.13623 2.09275 0.730234 1.03406 1.67765 2.26979 2.48853 2.30141 1.54541 2.43993 0 2.02015 0 2.8076 3.30735 3.31319 5.60835 4.09203 4.34041 4.26868 3.70726 3.73574 3.5773 3.99105 5.98782 8.85284 8.71444 9.84424 7.32669 6.74104 7.48254 3.61627 
1.10177 0.121328 0.745945 0.996776 1.01405 1.51934 0.816532 1.41334 4.38124 4.74983 6.94897 3.81523 6.01838 4.94807 3.05872 4.45439 4.25641 4.98319 4.92221 4.72401 4.34878 3.47342 3.85999 5.76135 6.73616 7.8675 6.92198 5.87662 4.66618 5.21929 6.05861 2.61394 
0.683981 1.42125 3.56663 7.13782 10.4116 12.6328 12.171 13.4586 15.721 17.1932 12.1894 8.9666 6.29078 5.25846 5.72936 5.39252 4.76035 3.85109 4.58157 5.2758 6.46865 7.44461 8.58601 9.54563 8.99938 6.84093 7.07333 5.75846 6.13718 6.29736 5.41498 2.85959 
2.98615 6.23127 7.51493 6.75691 6.81926 4.30883 5.76234 2.85611 0.615212 0 0.180906 2.2264 3.99192 5.18414 6.02735 6.62846 6.66997 5.69509 5.7441 6.67481 8.67321 8.91557 9.37584 7.54931 7.64877 7.22321 7.41793 6.1207 6.25261 5.68335 5.93364 3.69782 
7.7382 9.00293 6.45865 1.74824 0 0 0 0 0 1.81138 4.59681 6.48015 6.34509 5.00533 4.08315 3.63803 4.37775 6.13317 7.61806 9.68828 9.42285 8.14587 5.45336 4.9423 4.36623 5.62385 4.46563 5.02145 4.97011 4.78475 6.16577 3.38341 
0 0 0 0 0 0 0 0 0 0 0 0 0 0 0 0 0 0 0 0 0 0 0 0 0 0 0 0 0 0 0 0 
