105.316 -0.359754 -0.359754 -0.359754 -0.359754 192.935 346.693 355.366 205.021 177.776 148.832 192.93 216.245 228.424 123.188 75.1187 
289.602 273.007 141.319 213.703 177.933 227.806 236.692 238.391 447.602 554.892 316.994 486.018 589.891 558.771 483.339 287.148 
25.9492 38.228 39.3358 3.68978 203.145 280.827 277.837 393.211 351.071 394.665 278.366 141.057 236.219 91.2956 135.511 60.7275 
739.061 644.652 769.131 798.897 493.986 164.831 97.2914 70.7746 13.4231 192.676 179.123 102.251 54.9003 317.467 353.384 403.898 
191.976 211.548 214.799 317.095 464.809 254.037 307.707 383.386 206.982 128.333 320.911 474.175 650.48 623.581 228.299 23.8369 
182.707 174.395 228.603 136.247 159.414 448.973 506.359 357.038 365.45 636.094 324.96 -0.359754 4.96504 52.1301 111.551 126.886 
233.342 189.749 50.1131 73.8564 86.8456 48.997 -0.359754 -0.359754 -0.359754 43.0151 72.6296 113.351 74.8293 111.235 6.77474 -0.359754 
1.96393 44.7376 52.8618 44.221 26.9139 30.9564 -0.359754 127.512 105.888 76.2235 9.14042 -0.359754 -0.359754 49.2194 110.012 144.674 
8.87513 -0.359754 -0.359754 -0.359754 4.3601 166.803 230.298 155.214 -0.359754 -0.359754 -0.359754 -0.359754 29.0951 106.967 120.036 113.614 
102.119 86.7305 107.105 104.363 53.1972 500.015 268.717 -0.359754 -0.359754 -0.359754 150.832 263.164 426.117 331.409 124.635 49.6069 
112.562 -0.359754 -0.359754 13.5332 35.9344 67.0655 106.913 16.6204 132.947 267.256 242.28 103.317 162.35 172.846 199.821 255.209 
182.981 -0.359754 -0.359754 -0.359754 118.514 120.078 67.7045 165.104 249.877 191.026 58.3983 135.145 121.277 126.039 150.911 190.002 
36.2032 5.67596 -0.359754 -0.359754 67.4977 94.3521 146.617 139.826 109.317 144.383 126.046 143.23 163.672 219.677 236.23 215.962 
55.4944 26.6769 58.9865 64.7057 123.83 181.329 156.998 116.105 146.277 128.337 113.344 150.277 231.108 257.029 191.205 195.28 
162.564 196.127 329.939 351.53 449.177 318.346 164.12 172.949 174.034 174.161 232.748 249.222 234.939 193.59 164.292 154.782 
235.032 168.509 -0.359754 -0.359754 47.0009 169.071 165.54 106.399 159.999 252.951 246.011 142.225 146.682 130.932 129.589 160.851 
