0.000000
8.112901
0.000000
0.000000
0.000000
0.759858
0.000000
0.000000
0.000000
0.000000
0.000000
0.000000
0.000000
0.000000
0.000000
0.000000
0.000000
0.299486
0.000000
0.000000
0.000000
0.000000
0.000000
0.000000
0.221434
0.000000
0.000000
5.102376
0.000000
0.000000
1.980900
0.000000
0.000000
0.000000
0.000000
10.125514
0.000000
0.000000
0.000000
0.000000
0.000000
0.000000
0.000000
0.000000
0.000000
0.000000
0.000000
0.000000
0.000000
0.000000
1.115714
0.000000
0.000000
0.000000
0.000000
0.000000
0.000000
0.000000
0.000000
0.000000
0.000000
3.366805
0.000000
0.000000
0.000000
0.000000
0.000000
0.000000
0.000000
0.000000
0.000000
0.000000
0.000000
0.000000
0.000000
0.000000
0.000000
2.156193
0.000000
0.000000
0.000000
0.000000
0.000000
0.000000
0.000000
0.000000
0.000000
0.000000
0.000000
0.000000
9.352502
0.000000
0.000000
0.000000
0.000000
1.052043
3.172477
0.000000
0.000000
0.000000
0.000000
0.000000
0.000000
0.000000
0.000000
0.000000
0.000000
0.000000
0.000000
0.000000
0.000000
0.000000
0.000000
0.000000
0.000000
0.000000
0.000000
0.000000
0.000000
0.000000
0.000000
0.000000
0.000000
0.000000
8.118368
4.737122
0.000000
0.000000
0.000000
0.000000
2.983613
0.000000
2.280041
0.000000
0.000000
0.000000
0.096105
0.000000
0.000000
0.000000
0.000000
0.000000
0.000000
0.000000
0.000000
0.000000
0.000000
0.000000
0.000000
0.000000
0.000000
0.000000
6.664223
0.000000
0.000000
0.000000
0.000000
0.000000
0.000000
0.000000
0.000000
0.000000
5.325560
0.000000
0.000000
0.000000
0.000000
0.000000
0.000000
0.000000
1.557119
0.000000
0.000000
0.000000
0.000000
0.000000
0.000000
0.000000
0.000000
0.000000
0.000000
0.000000
0.000000
0.000000
0.000000
0.000000
0.000000
0.000000
0.348401
0.000000
0.000000
0.000000
0.000000
0.000000
0.000000
0.000000
0.000000
0.707219
0.000000
0.000000
0.341376
0.000000
0.000000
0.000000
0.000000
0.000000
2.874097
0.000000
0.000000
0.000000
0.000000
0.000000
0.871482
0.000000
0.000000
0.000000
0.000000
0.000000
0.000000
0.000000
0.000000
0.000000
0.000000
0.000000
0.000000
0.000000
0.000000
3.173128
0.000000
0.000000
0.000000
0.000000
3.962026
0.000000
0.000000
0.000000
0.000000
0.000000
0.000000
0.000000
0.000000
0.051911
0.000000
0.000000
0.000000
0.000000
0.000000
0.000000
0.000000
0.000000
0.000000
0.000000
0.000000
0.000000
0.000000
0.000000
0.000000
0.000000
0.000000
0.000000
0.000000
0.000000
0.000000
0.000000
0.000000
0.000000
0.000000
0.000000
0.000000
0.000000
3.683191
0.000000
0.000000
0.000000
0.823292
0.000000
0.000000
0.000000
0.000000
0.000000
0.000000
0.000000
0.000000
8.252664
0.000000
0.000000
0.000000
0.000000
0.000000
0.000000
0.000000
0.000000
0.000000
0.000000
0.000000
0.000000
0.000000
0.000000
0.000000
0.695535
0.000000
0.000000
0.000000
0.000000
0.000000
0.000000
4.424458
0.000000
0.000000
0.000000
0.000000
0.000000
1.948443
0.000000
0.000000
0.000000
0.000000
0.000000
0.000000
0.000000
0.000000
0.000000
0.000000
0.000000
0.000000
0.000000
0.836095
0.000000
9.279588
0.000000
0.000000
0.000000
0.000000
0.000000
0.000000
0.000000
0.000000
0.000000
0.000000
0.000000
0.000000
0.000000
0.000000
0.000000
0.000000
0.000000
0.000000
4.049534
0.000000
0.000000
0.000000
2.861151
0.000000
6.602568
0.000000
0.000000
2.346038
5.425644
0.000000
0.000000
0.000000
0.000000
0.000000
0.000000
0.000000
0.000000
0.000000
0.000000
0.000000
0.000000
0.000000
0.000000
2.689546
0.000000
0.000000
0.000000
0.000000
0.000000
0.000000
0.000000
0.000000
0.000000
0.000000
0.000000
