-0.253480
-0.372096
0.445888
-0.275209
8.668260
-0.378424
-0.386396
-0.285050
-0.370990
-0.382711
-0.319413
-0.173181
-0.393876
0.511517
-0.411934
-0.227028
-0.427967
-0.254241
-0.305686
-0.423421
-0.248316
-0.215382
-0.369164
0.229499
-0.329834
-0.348911
-0.394797
-0.253418
-0.412080
6.597625
-0.257055
-0.303587
0.045638
0.910027
-0.287934
-0.334890
-0.279461
-0.390482
-0.322250
0.592959
-0.198865
-0.329646
4.609459
-0.323182
-0.256606
-0.334036
-0.284373
-0.331801
-0.184834
-0.352354
-0.428844
-0.122035
-0.405997
-0.454596
1.351563
-0.362168
-0.209379
3.154776
-0.301916
2.318162
-0.431067
-0.242454
3.833946
-0.235273
-0.037716
0.212892
0.775741
-0.409786
-0.272466
1.803488
2.236105
-0.350687
-0.338560
5.694475
-0.350517
1.891924
0.405298
-0.330248
-0.391516
0.921708
2.026057
-0.335211
-0.392937
-0.222532
-0.352457
1.385303
-0.356200
-0.284634
-0.347373
5.206190
-0.283677
0.912630
-0.453348
-0.409215
-0.382211
-0.251919
-0.322114
-0.215487
-0.343919
-0.332823
-0.481155
-0.354753
-0.291794
-0.328826
0.393413
-0.306616
-0.278796
-0.328740
-0.341890
-0.361390
-0.334188
-0.370378
3.518512
1.824102
2.440421
-0.398265
-0.241186
-0.330829
-0.353819
-0.208372
-0.272598
-0.263957
-0.347774
-0.331141
-0.340270
-0.257616
-0.226080
0.155526
-0.210364
-0.305638
-0.409094
-0.281028
-0.228390
-0.394816
-0.336396
-0.340550
-0.402394
-0.333607
-0.335429
-0.437918
-0.313562
-0.387032
0.414476
6.790485
1.008024
-0.336161
-0.293541
0.348846
-0.391519
-0.307196
2.292466
-0.300875
2.006541
-0.412168
-0.332854
-0.461676
0.777143
2.965487
-0.263579
-0.212005
-0.453404
-0.297263
-0.396650
-0.341625
0.276524
-0.237955
0.199093
-0.412432
-0.380500
-0.257874
0.469072
2.777236
0.807339
-0.407550
2.507526
2.753586
-0.276508
-0.273471
-0.317051
-0.408381
-0.538101
-0.349578
-0.275497
-0.239465
1.428783
-0.406686
-0.271049
-0.348776
-0.264765
-0.450034
-0.357315
2.680873
-0.551120
0.737579
2.061316
-0.218196
-0.353980
-0.231664
-0.360421
-0.368075
0.816322
-0.387200
-0.323291
8.790578
-0.207758
-0.395572
-0.223007
-0.220189
-0.305981
-0.359408
-0.372866
-0.002918
-0.314412
-0.396939
-0.269719
-0.263236
-0.331966
-0.443117
-0.455859
-0.347032
-0.253434
0.293306
11.694431
1.485430
3.646734
-0.349378
-0.075658
-0.324456
-0.272490
-0.307502
-0.264078
-0.330260
-0.310672
-0.384196
-0.392320
-0.337572
-0.196421
0.393145
-0.260508
-0.266473
-0.293064
-0.400128
-0.273639
-0.258366
0.051783
-0.272150
-0.282362
-0.283290
-0.378858
-0.361745
-0.351843
-0.386297
-0.337983
-0.251319
-0.347097
-0.168688
-0.253480
-0.372096
-0.523019
5.144184
2.033045
-0.378424
-0.386396
0.013678
-0.370990
-0.382711
-0.319413
-0.173181
2.130252
0.399060
-0.411934
-0.227028
-0.427967
-0.254241
3.261161
0.035595
0.544937
-0.215382
-0.369164
-0.319297
-0.329834
-0.348911
-0.394797
-0.253418
-0.412080
8.787945
-0.257055
-0.303587
-0.295314
-0.212907
4.161807
-0.334890
-0.279461
-0.390482
-0.322250
-0.108132
-0.198865
2.590037
2.719622
-0.323182
-0.256606
-0.334036
-0.284373
-0.331801
-0.184834
-0.352354
-0.428844
0.509705
-0.405997
-0.454596
7.707516
-0.362168
0.430633
0.144283
-0.301916
1.473121
-0.431067
-0.242454
0.529579
-0.235273
0.872010
-0.320724
-0.502714
-0.409786
0.592304
-0.320535
-0.404208
-0.350687
-0.338560
-0.318352
-0.350517
-0.380532
-0.351341
-0.330248
0.627703
-0.268696
0.490444
-0.335211
-0.392937
-0.222532
-0.352457
3.715572
-0.356200
11.619740
-0.347373
3.320318
0.181388
1.471725
-0.453348
1.362777
4.198050
-0.251919
2.782908
1.692066
2.046615
-0.332823
-0.481155
-0.354753
-0.291794
-0.328826
0.190376
-0.306616
-0.223930
-0.328740
0.860206
-0.361390
0.617572
-0.370378
-0.371657
3.824897
-0.355501
-0.398265
-0.241186
-0.330829
-0.353819
3.323431
9.953291
-0.263957
-0.347774
-0.331141
-0.340270
-0.257616
2.877611
3.063234
-0.210364
-0.305638
-0.409094
0.255478
-0.365650
-0.394816
-0.336396
-0.340550
2.686357
-0.333607
-0.335429
-0.437918
-0.313562
8.595595
9.921026
4.773619
-0.260139
-0.336161
-0.293541
0.803368
-0.391519
-0.307196
-0.367980
0.098404
5.942625
-0.412168
-0.332854
-0.457830
3.176073
-0.192761
-0.263579
-0.212005
0.607014
3.395898
-0.396650
1.380372
-0.199346
-0.237955
-0.488297
-0.412432
-0.380500
-0.257874
0.580295
-0.379070
-0.382444
-0.407550
0.659911
-0.322225
-0.276508
-0.273471
-0.317051
-0.408381
0.461192
-0.349578
4.143052
-0.239465
3.363091
-0.406686
4.198339
-0.348776
2.741370
-0.450034
-0.321008
-0.391863
0.847680
3.669600
-0.276999
-0.218196
-0.353980
-0.231664
-0.360421
-0.368075
-0.400913
-0.387200
-0.323291
-0.421698
-0.207758
-0.395572
-0.223007
-0.220189
-0.305981
-0.359408
-0.372866
2.645817
-0.314412
0.996555
-0.269719
-0.263236
-0.331966
-0.443117
1.440101
-0.198490
-0.253434
0.981305
-0.238310
4.438323
7.019643
-0.349378
-0.386694
-0.324456
2.584461
-0.307502
-0.264078
1.939886
-0.310672
-0.384196
0.231396
-0.337572
-0.196421
4.749835
0.245506
9.861878
-0.293064
2.082831
-0.273639
-0.258366
-0.269087
-0.272150
7.181345
-0.283290
-0.378858
-0.361745
-0.351843
-0.047549
-0.337983
10.508692
3.950811
1.197342
-0.253480
-0.372096
-0.523019
-0.275209
-0.288130
-0.378424
-0.386396
-0.285050
-0.370990
0.997914
-0.319413
-0.173181
-0.393876
1.092333
-0.411934
-0.227028
-0.427967
-0.254241
-0.305686
-0.423421
-0.248316
-0.215382
3.040591
-0.319297
-0.329834
-0.348911
-0.394797
-0.253418
-0.412080
-0.303457
-0.257055
-0.303587
-0.295314
-0.212907
-0.287934
-0.334890
-0.279461
-0.390482
-0.322250
-0.741315
-0.198865
-0.329646
-0.350615
-0.323182
-0.256606
-0.334036
-0.284373
0.058410
-0.184834
7.412195
-0.428844
-0.122035
-0.019189
-0.454596
3.386451
-0.362168
-0.209379
-0.372923
1.812198
-0.412456
1.180634
-0.242454
-0.434964
-0.235273
0.319822
-0.320724
3.030137
9.351140
3.209562
8.490626
-0.404208
-0.350687
-0.338560
-0.318352
-0.350517
0.152513
-0.351341
-0.330248
-0.391516
-0.268696
-0.343564
-0.335211
-0.392937
-0.222532
-0.352457
-0.411704
1.263090
-0.284634
-0.347373
-0.206410
-0.283677
2.623768
-0.453348
0.616030
3.973099
3.245826
0.890040
-0.375624
-0.343919
-0.332823
-0.481155
-0.354753
-0.291794
-0.328826
-0.508079
0.078284
-0.278796
-0.328740
-0.341890
-0.361390
5.315482
-0.370378
0.655268
0.801043
3.176049
-0.398265
-0.241186
-0.330829
-0.353819
-0.208372
-0.272598
-0.263957
-0.347774
5.756551
4.229283
-0.257616
-0.471051
-0.215696
-0.210364
-0.305638
-0.409094
-0.281028
-0.365650
-0.394816
-0.336396
-0.340550
-0.402394
-0.333607
-0.335429
-0.437918
-0.313562
1.918583
0.004093
-0.353562
-0.260139
-0.336161
-0.293541
0.649933
-0.391519
-0.307196
6.586236
-0.300875
-0.341149
-0.412168
-0.332854
-0.510034
-0.062278
-0.266598
-0.263579
-0.212005
-0.453404
-0.297263
-0.396650
-0.341625
-0.442042
-0.237955
-0.488297
0.796728
-0.380500
-0.257874
-0.245420
-0.379070
-0.382444
-0.407550
1.875647
-0.322225
-0.276508
0.812605
-0.317051
-0.408381
-0.538101
-0.349578
1.654318
-0.239465
1.356123
-0.406686
8.039970
-0.348776
-0.175356
-0.450034
-0.357315
1.152167
0.705324
-0.446675
-0.197617
-0.218196
-0.353980
-0.231664
-0.360421
2.683486
5.772499
-0.387200
-0.323291
-0.421698
-0.207758
2.227445
1.541227
-0.220189
-0.305981
-0.359408
-0.372866
5.171373
-0.314412
-0.145544
-0.269719
-0.263236
1.479065
-0.150165
-0.455859
-0.347032
1.693797
-0.501318
-0.238310
3.059176
2.508068
-0.349378
-0.386694
-0.324456
6.760029
-0.307502
-0.264078
2.502417
2.568583
-0.384196
0.246646
-0.337572
-0.196421
-0.306206
5.507846
1.757528
-0.293064
0.140722
-0.273639
-0.258366
-0.269087
-0.272150
7.333799
-0.283290
-0.378858
-0.361745
-0.351843
2.770019
-0.337983
1.188580
2.245160
-0.304737
-0.253480
-0.372096
-0.523019
-0.275209
-0.288130
-0.378424
1.872036
-0.285050
-0.370990
-0.382711
-0.319413
-0.173181
-0.393876
-0.884802
-0.411934
-0.227028
0.860987
-0.254241
1.019320
-0.423421
1.900913
-0.215382
-0.369164
-0.319297
0.149339
3.227077
1.057066
-0.253418
-0.412080
3.818594
-0.257055
-0.303587
2.772119
-0.212907
4.413261
-0.334890
-0.279461
-0.390482
-0.322250
0.487522
-0.198865
-0.329646
3.275477
-0.323182
-0.256606
-0.334036
-0.284373
0.766956
-0.184834
-0.352354
-0.428844
-0.122035
0.981478
-0.454596
-0.385799
1.473726
-0.209379
-0.372923
0.155546
-0.362259
-0.431067
-0.242454
-0.434964
-0.235273
1.437847
2.008449
1.565220
7.599508
3.089298
8.350939
0.927115
-0.350687
-0.338560
-0.318352
0.335001
-0.380532
-0.351341
-0.330248
-0.391516
-0.268696
1.837922
-0.335211
-0.392937
-0.222532
-0.352457
4.563707
-0.356200
-0.284634
-0.347373
0.481186
-0.283677
-0.020873
0.189709
2.078608
-0.382211
-0.251919
-0.322114
-0.375624
-0.326914
-0.332823
4.410163
-0.354753
-0.291794
-0.328826
-0.341934
-0.306616
-0.278796
1.034078
-0.341890
-0.361390
-0.334188
-0.370378
5.346629
-0.372711
0.266693
-0.398265
-0.241186
-0.330829
-0.353819
-0.094927
-0.272598
2.016901
-0.347774
-0.331141
1.373395
-0.257616
4.674010
-0.215696
-0.210364
-0.305638
-0.409094
-0.281028
-0.365650
-0.394816
1.416874
-0.340550
-0.185530
-0.333607
3.144655
-0.437918
-0.313562
-0.387032
-0.258399
-0.353562
-0.260139
-0.336161
-0.293541
0.857158
-0.391519
-0.307196
1.087467
0.515638
-0.341149
-0.412168
-0.332854
-0.510034
-0.265917
5.297585
-0.263579
-0.212005
-0.453404
-0.297263
-0.396650
-0.341625
-0.442042
-0.138736
-0.488297
-0.412432
-0.380500
1.837677
-0.420229
1.129295
1.995381
-0.407550
0.880086
-0.322225
-0.276508
-0.273471
1.191957
-0.408381
0.335577
2.907956
-0.275497
-0.239465
-0.274133
-0.406686
3.019293
-0.348776
-0.264765
-0.450034
-0.357315
-0.391863
-0.456484
5.048876
-0.276999
-0.218196
-0.353980
-0.231664
-0.360421
-0.368075
2.043745
-0.387200
-0.230306
5.256576
0.680487
0.691560
-0.223007
-0.220189
-0.305981
1.124610
-0.372866
3.353781
-0.314412
-0.396939
-0.269719
-0.263236
2.849303
-0.443117
-0.065143
-0.347032
-0.253434
0.402192
1.590411
2.768236
-0.309012
-0.349378
4.307610
-0.324456
-0.272490
0.043736
-0.264078
-0.330260
-0.310672
-0.384196
-0.392320
-0.337572
-0.196421
-0.306206
0.892006
-0.266473
-0.293064
2.713995
-0.273639
-0.258366
-0.269087
-0.272150
-0.282362
-0.283290
-0.378858
-0.361745
0.640480
1.705714
-0.337983
-0.251319
-0.347097
-0.304737
-0.253480
-0.372096
0.462969
-0.275209
0.105076
0.115145
0.043681
-0.285050
-0.370990
1.818905
-0.319413
-0.173181
-0.393876
0.733110
-0.411934
-0.227028
-0.427967
-0.254241
-0.305686
-0.423421
-0.248316
-0.215382
-0.369164
-0.319297
-0.329834
-0.348911
0.042099
-0.253418
-0.412080
1.107191
-0.257055
-0.303587
0.809437
0.999958
-0.287934
-0.334890
-0.279461
-0.390482
-0.322250
0.534845
-0.164562
-0.329646
-0.350615
-0.323182
1.053920
-0.334036
-0.284373
-0.331801
-0.184834
-0.352354
-0.428844
-0.122035
-0.405997
-0.454596
-0.385799
-0.362168
-0.209379
-0.372923
-0.301916
0.333190
-0.431067
-0.242454
3.615956
-0.235273
0.298189
-0.320724
1.190751
-0.409786
-0.272466
0.814840
-0.404208
-0.350687
1.357578
4.097054
-0.350517
-0.005313
-0.351341
-0.330248
0.245431
-0.268696
-0.343564
-0.335211
-0.392937
-0.222532
-0.352457
-0.411704
-0.356200
-0.284634
-0.347373
0.305444
-0.283677
1.787347
1.301087
0.164607
0.266832
-0.251919
0.621017
-0.375624
-0.343919
-0.332823
-0.481155
-0.354753
-0.291794
-0.328826
0.376339
-0.306616
-0.278796
-0.328740
1.128581
-0.361390
-0.334188
-0.370378
0.130819
-0.372711
1.605011
-0.398265
-0.241186
-0.330829
-0.353819
1.896339
-0.272598
0.432365
-0.347774
-0.331141
-0.340270
-0.257616
0.864438
-0.203219
-0.210364
0.795313
-0.409094
-0.281028
-0.365650
0.532354
-0.336396
-0.340550
-0.402394
-0.333607
0.356947
-0.437918
0.451277
-0.387032
-0.258399
7.738722
-0.260139
-0.336161
-0.293541
-0.471410
-0.391519
-0.307196
1.454230
-0.300875
2.157491
-0.412168
-0.332854
-0.234525
-0.265917
6.444519
-0.263579
-0.212005
-0.453404
-0.297263
-0.396650
-0.341625
1.161275
-0.237955
-0.488297
-0.412432
-0.380500
-0.257874
-0.420229
1.500922
-0.382444
-0.407550
3.389609
6.660843
-0.276508
0.325870
-0.317051
-0.408381
0.372600
-0.349578
-0.275497
-0.239465
1.280422
-0.406686
-0.271049
-0.348776
-0.264765
-0.450034
-0.357315
-0.391863
1.027134
2.978134
-0.276999
-0.218196
-0.353980
-0.231664
-0.360421
-0.368075
-0.400913
-0.387200
-0.323291
-0.421698
-0.207758
-0.395572
-0.223007
-0.220189
1.002002
-0.359408
-0.372866
-0.380209
-0.314412
1.395040
-0.269719
-0.263236
-0.331966
-0.443117
3.274445
-0.347032
-0.253434
-0.501318
0.646872
0.392219
5.255909
-0.349378
-0.386694
-0.324456
-0.272490
-0.307502
-0.264078
-0.330260
-0.310672
-0.384196
-0.392320
-0.337572
-0.196421
-0.306206
-0.260508
-0.266473
-0.293064
-0.400128
-0.273639
-0.258366
-0.269087
-0.272150
-0.282362
-0.283290
-0.378858
-0.361745
-0.351843
-0.386297
-0.337983
-0.251319
-0.347097
-0.304737
-0.253480
-0.372096
-0.523019
11.891851
-0.232411
-0.378424
-0.386396
-0.285050
-0.370990
-0.382711
-0.319413
-0.173181
-0.373005
0.251536
-0.411934
-0.227028
0.966863
-0.254241
6.884165
0.499947
-0.248316
-0.215382
-0.369164
-0.319297
-0.329834
-0.348911
0.673515
-0.253418
0.341628
4.123096
-0.257055
-0.303587
-0.295314
-0.212907
-0.287934
-0.334890
-0.279461
-0.390482
-0.322250
0.569096
-0.198865
4.815804
-0.350615
-0.323182
-0.256606
-0.334036
-0.284373
-0.331801
-0.184834
-0.352354
-0.428844
-0.122035
-0.405997
-0.454596
7.579930
-0.362168
5.469085
-0.372923
-0.301916
2.349446
-0.431067
-0.242454
-0.434964
-0.235273
-0.268887
-0.320724
-0.235432
-0.409786
-0.213767
-0.320535
0.447236
-0.350687
-0.338560
-0.318352
-0.350517
-0.380532
0.134542
-0.330248
-0.178306
-0.050295
-0.343564
-0.335211
-0.392937
6.111796
-0.352457
-0.411704
-0.356200
8.416863
-0.347373
-0.206410
-0.283677
1.228299
-0.453348
-0.607578
-0.382211
3.331164
5.480983
0.084233
5.508064
-0.332823
-0.481155
-0.354753
-0.291794
-0.328826
0.243357
-0.306616
-0.278796
-0.328740
6.590253
-0.361390
-0.334188
-0.370378
-0.371657
-0.372711
-0.355501
-0.398265
-0.241186
-0.330829
-0.353819
7.548903
6.937410
-0.263957
-0.347774
-0.331141
-0.340270
-0.257616
4.117342
3.510217
-0.210364
-0.305638
-0.409094
-0.281028
-0.365650
-0.394816
-0.336396
-0.340550
2.439867
-0.333607
-0.335429
-0.437918
-0.313562
2.972461
6.779639
1.733334
-0.260139
-0.336161
-0.293541
0.345726
-0.391519
-0.307196
-0.367980
-0.300875
1.170872
-0.412168
-0.332854
1.816542
-0.265917
1.547535
-0.263579
-0.212005
-0.453404
-0.297263
-0.396650
-0.341625
-0.442042
-0.237955
-0.488297
-0.412432
-0.380500
-0.257874
-0.420229
-0.379070
-0.382444
-0.000893
4.682435
-0.322225
-0.276508
-0.273471
-0.317051
-0.408381
1.679761
-0.349578
7.034763
-0.239465
0.961116
-0.406686
-0.271049
-0.348776
3.023073
-0.450034
-0.357315
-0.391863
1.309589
1.450509
-0.276999
-0.218196
-0.353980
-0.231664
-0.360421
-0.368075
-0.400913
0.555447
0.410181
-0.421698
-0.207758
-0.395572
-0.223007
-0.220189
-0.305981
-0.359408
-0.372866
5.630394
-0.314412
-0.396939
-0.269719
-0.263236
1.476775
1.380898
5.702069
3.005310
-0.253434
0.509080
-0.238310
1.382229
4.990760
-0.349378
-0.386694
-0.324456
2.303993
-0.307502
-0.264078
1.652797
-0.310672
-0.384196
-0.392320
-0.337572
-0.196421
-0.306206
-0.260508
0.128546
2.640876
0.960453
-0.273639
-0.258366
-0.269087
-0.272150
-0.282362
-0.283290
-0.378858
-0.361745
0.736925
1.017502
-0.337983
-0.251319
-0.347097
-0.304737
-0.253480
-0.372096
-0.523019
-0.275209
-0.288130
0.333304
-0.386396
-0.285050
-0.370990
-0.382711
-0.319413
-0.173181
-0.393876
2.660072
-0.411934
-0.227028
0.081645
-0.254241
-0.305686
-0.423421
-0.248316
-0.215382
3.985169
-0.319297
-0.329834
-0.348911
-0.394797
-0.253418
-0.412080
-0.303457
-0.257055
-0.303587
-0.295314
-0.212907
-0.287934
-0.334890
-0.279461
-0.390482
-0.322250
0.580794
-0.198865
-0.329646
-0.350615
-0.323182
-0.256606
-0.334036
-0.284373
0.333633
-0.184834
2.188979
-0.428844
-0.122035
-0.405997
-0.454596
2.425469
0.489190
-0.209379
-0.372923
-0.301916
-0.412456
-0.431067
-0.242454
-0.434964
-0.235273
-0.117831
-0.320724
4.732643
7.154628
-0.272466
-0.320535
-0.404208
-0.350687
-0.338560
-0.318352
-0.350517
-0.380532
-0.351341
-0.330248
-0.391516
-0.268696
-0.343564
-0.335211
-0.392937
-0.222532
-0.352457
-0.411704
-0.356200
-0.284634
2.730165
-0.206410
-0.283677
-0.463223
-0.453348
-0.607578
2.412605
8.140646
4.569734
-0.375624
0.570724
-0.332823
-0.481155
-0.354753
-0.291794
-0.328826
-0.439050
0.772265
-0.278796
-0.328740
-0.341890
-0.361390
-0.334188
-0.370378
-0.371657
-0.372711
1.431231
1.301638
-0.241186
-0.330829
-0.353819
-0.208372
1.850744
-0.263957
-0.347774
1.477885
4.073620
-0.257616
-0.471051
-0.215696
-0.210364
-0.305638
-0.409094
-0.281028
-0.365650
-0.394816
-0.336396
-0.340550
-0.402394
-0.333607
-0.335429
2.728420
-0.313562
0.420684
-0.258399
-0.353562
-0.260139
-0.336161
-0.293541
-0.471410
-0.391519
-0.307196
4.496094
-0.300875
-0.341149
-0.412168
-0.332854
0.770958
-0.265917
-0.266598
-0.263579
-0.212005
-0.453404
-0.297263
-0.396650
-0.341625
0.063601
-0.237955
-0.488297
7.124348
-0.380500
-0.257874
-0.420229
-0.379070
-0.382444
-0.407550
0.774831
-0.322225
-0.276508
-0.273471
-0.317051
-0.408381
0.498700
-0.349578
-0.275497
-0.239465
0.654475
-0.406686
-0.271049
-0.348776
3.392505
-0.450034
1.786979
-0.391863
0.121811
-0.446675
-0.276999
-0.218196
-0.353980
-0.231664
-0.360421
2.176571
0.861327
-0.387200
-0.323291
-0.421698
-0.207758
0.932209
1.025962
-0.220189
0.412421
-0.359408
-0.372866
2.781091
-0.314412
-0.076868
-0.269719
2.824569
-0.331966
-0.249735
-0.455859
-0.347032
-0.253434
-0.501318
-0.238310
1.490554
0.574444
-0.349378
-0.386694
-0.324456
5.770473
-0.307502
-0.264078
-0.330260
-0.310672
-0.384196
0.252340
-0.337572
-0.196421
-0.306206
2.830222
-0.266473
-0.293064
-0.300486
0.201480
2.020562
0.928807
-0.272150
-0.282362
-0.283290
-0.378858
-0.361745
-0.351843
4.326415
-0.337983
-0.251319
-0.347097
-0.304737
-0.253480
-0.372096
-0.523019
-0.275209
-0.288130
-0.378424
-0.216449
-0.285050
-0.370990
-0.382711
-0.319413
-0.173181
-0.393876
-0.775320
-0.411934
-0.227028
1.263362
-0.254241
0.723963
-0.423421
1.537054
-0.215382
0.753810
-0.319297
-0.329834
-0.348911
-0.100861
-0.253418
-0.412080
-0.303457
-0.257055
0.296088
1.133083
-0.212907
6.161468
-0.334890
-0.279461
-0.390482
-0.322250
1.490798
-0.198865
-0.329646
-0.350615
-0.323182
-0.256606
1.410317
-0.284373
-0.331801
-0.184834
-0.352354
-0.428844
-0.122035
0.513665
-0.454596
-0.385799
3.750560
-0.209379
-0.372923
-0.301916
-0.412456
0.421570
-0.242454
-0.434964
-0.235273
1.090301
3.446231
1.482277
6.415730
3.393922
6.407063
0.192535
0.210695
0.672098
-0.318352
-0.350517
-0.380532
-0.351341
-0.330248
-0.391516
-0.268696
2.953684
-0.335211
-0.392937
-0.222532
-0.352457
-0.411704
-0.356200
-0.284634
-0.347373
-0.206410
-0.283677
-0.426429
-0.453348
2.053357
0.590394
-0.251919
-0.322114
-0.375624
-0.343919
0.549886
1.043518
-0.354753
-0.291794
-0.328826
0.416002
-0.306616
-0.278796
-0.328740
-0.341890
-0.361390
-0.334188
-0.370378
6.149594
1.134293
0.910977
-0.398265
-0.241186
0.648149
-0.353819
0.730350
-0.272598
3.144196
-0.347774
-0.331141
2.554528
-0.257616
3.980670
-0.215696
-0.210364
-0.305638
-0.409094
-0.281028
-0.365650
-0.394816
1.975761
-0.340550
-0.402394
-0.333607
2.981917
-0.437918
-0.313562
-0.387032
-0.258399
-0.353562
-0.260139
-0.336161
-0.293541
1.064966
-0.391519
-0.307196
4.373357
-0.300875
-0.341149
-0.412168
0.059708
-0.418408
-0.265917
8.826605
-0.263579
-0.212005
-0.453404
-0.297263
-0.396650
-0.341625
-0.442042
-0.237955
-0.488297
-0.412432
-0.380500
0.557826
-0.053817
-0.379070
-0.382444
-0.407550
1.875191
-0.322225
-0.276508
-0.273471
-0.317051
-0.408381
0.372719
3.625218
-0.275497
-0.239465
-0.274133
-0.406686
0.250073
-0.348776
-0.264765
-0.450034
-0.357315
-0.391863
-0.183969
2.225078
-0.276999
-0.218196
-0.353980
-0.231664
-0.360421
-0.368075
-0.400913
-0.387200
1.374830
3.911023
-0.169234
-0.395572
-0.223007
-0.220189
-0.305981
-0.359408
-0.372866
4.319609
-0.314412
-0.396939
-0.269719
-0.263236
3.303082
-0.443117
1.120983
-0.347032
-0.253434
-0.231088
-0.238310
4.381829
0.266066
-0.349378
-0.386694
-0.324456
-0.272490
-0.307502
-0.264078
-0.330260
-0.310672
-0.384196
-0.392320
-0.337572
-0.196421
-0.306206
-0.260508
-0.266473
-0.293064
2.071405
-0.273639
-0.258366
-0.269087
0.313585
-0.282362
-0.283290
-0.378858
-0.361745
-0.351843
4.271868
-0.337983
-0.251319
-0.347097
-0.304737
-0.253480
5.028651
0.137125
0.043791
-0.288130
-0.029024
-0.318259
0.443715
-0.370990
-0.382711
-0.319413
-0.173181
-0.393876
1.182382
-0.411934
-0.227028
-0.427967
-0.254241
-0.305686
0.899479
-0.248316
-0.215382
-0.369164
-0.319297
-0.329834
-0.348911
0.110827
-0.253418
2.819633
-0.303457
-0.257055
-0.303587
-0.295314
-0.212907
1.511696
-0.334890
-0.279461
-0.390482
0.249035
1.417023
1.495073
-0.329646
0.308337
-0.323182
4.076795
2.198759
-0.284373
-0.331801
-0.184834
-0.352354
-0.428844
-0.122035
-0.405997
0.608916
-0.385799
-0.362168
2.646406
-0.372923
-0.301916
-0.412456
-0.431067
-0.242454
1.008280
0.037236
-0.029156
-0.320724
0.370329
-0.409786
-0.187886
-0.320535
-0.404208
0.806781
-0.338560
-0.318352
-0.350517
1.176734
-0.351341
-0.330248
-0.124449
-0.268696
-0.343564
-0.292300
-0.392937
-0.222532
0.163874
-0.411704
-0.356200
-0.284634
-0.347373
-0.206410
-0.283677
-0.463223
2.814024
-0.607578
-0.382211
-0.251919
-0.322114
-0.375624
-0.343919
-0.332823
-0.481155
-0.354753
-0.291794
-0.328826
0.731305
7.413621
-0.278796
-0.328740
-0.341890
-0.361390
-0.334188
-0.370378
0.750919
-0.372711
0.580390
-0.398265
-0.241186
-0.185179
-0.353819
6.558135
-0.272598
0.750059
-0.347774
-0.331141
-0.340270
-0.257616
2.464563
6.450042
-0.210364
-0.305638
1.384983
-0.281028
-0.365650
2.137512
-0.336396
-0.340550
-0.402394
-0.333607
-0.173645
-0.437918
-0.313562
-0.387032
4.972962
-0.353562
-0.260139
-0.336161
-0.293541
-0.471410
1.286307
-0.307196
-0.179045
0.206046
-0.341149
-0.412168
-0.332854
0.846639
-0.265917
4.498918
-0.263579
-0.212005
-0.304174
-0.297263
0.586755
1.511544
-0.153824
-0.237955
-0.070701
-0.412432
-0.380500
-0.257874
-0.420229
-0.379070
1.623432
-0.407550
2.821420
1.598622
-0.276508
-0.273471
-0.317051
-0.408381
0.080481
-0.349578
-0.275497
-0.239465
-0.274133
-0.406686
-0.257252
-0.348776
-0.264765
-0.450034
-0.357315
0.306959
1.173279
-0.256761
1.228430
-0.218196
-0.353980
-0.231664
-0.360421
-0.368075
-0.400913
-0.387200
-0.323291
-0.421698
-0.207758
-0.395572
4.384699
-0.220189
-0.305981
-0.359408
-0.372866
-0.380209
2.770149
-0.010767
1.385015
-0.263236
0.370821
-0.443117
1.676884
-0.347032
-0.253434
-0.501318
-0.238310
-0.337805
4.425206
-0.349378
-0.386694
-0.324456
-0.272490
-0.307502
-0.264078
2.194378
-0.310672
-0.384196
0.199056
-0.337572
-0.196421
0.321132
-0.260508
-0.266473
-0.293064
-0.158140
-0.273639
-0.258366
-0.269087
-0.272150
-0.282362
4.373952
-0.378858
-0.361745
-0.351843
1.293640
-0.337983
-0.251319
-0.347097
-0.304737
-0.253480
7.225972
-0.000983
9.167671
3.201035
1.581660
3.526821
-0.285050
-0.370990
0.472344
-0.319413
-0.173181
-0.393876
1.309019
-0.411934
-0.227028
4.685369
-0.254241
0.666646
-0.423421
-0.248316
3.079777
-0.369164
-0.319297
-0.329834
-0.348911
-0.394797
-0.253418
0.562375
5.275351
-0.257055
-0.303587
3.087112
1.619536
-0.287934
2.661669
-0.279461
-0.390482
1.986319
0.831221
-0.198865
-0.329646
-0.350615
-0.323182
3.418229
-0.334036
-0.284373
-0.331801
-0.184834
-0.352354
-0.428844
-0.122035
-0.405997
-0.454596
2.089655
0.016852
-0.209379
-0.372923
-0.301916
3.573699
-0.431067
0.625784
-0.434964
-0.235273
0.469771
-0.320724
1.615930
-0.409786
-0.272466
-0.320535
0.047743
-0.350687
-0.338560
-0.318352
-0.350517
-0.380532
-0.351341
-0.330248
-0.391516
2.181294
-0.343564
-0.335211
-0.392937
12.303569
0.220723
-0.411704
-0.356200
6.902977
-0.347373
-0.206410
-0.283677
1.866501
-0.453348
-0.607578
2.641337
0.725452
3.693544
-0.375624
1.791964
-0.332823
-0.481155
-0.354753
0.394344
-0.328826
-0.613480
-0.306616
-0.278796
-0.328740
3.423763
-0.361390
-0.111161
-0.370378
-0.371657
-0.372711
0.830970
-0.398265
-0.241186
-0.330829
-0.353819
2.199518
10.391369
2.904120
-0.347774
-0.331141
0.282990
-0.257616
4.878600
7.036373
-0.210364
-0.305638
-0.409094
-0.281028
-0.365650
-0.394816
-0.336396
-0.340550
1.485917
-0.333607
-0.335429
-0.437918
-0.313562
3.080207
9.691640
-0.353562
-0.260139
-0.336161
-0.293541
1.072075
-0.391519
-0.307196
-0.367980
0.430585
-0.188323
-0.412168
-0.332854
1.871575
-0.265917
-0.266598
-0.263579
-0.212005
0.134523
-0.297263
-0.396650
0.824959
-0.442042
-0.237955
-0.351286
-0.412432
-0.380500
-0.257874
-0.420229
-0.379070
-0.382444
5.606974
2.173364
2.020803
-0.276508
-0.273471
-0.317051
-0.408381
2.531276
-0.349578
5.196528
-0.239465
0.388683
3.954302
-0.271049
-0.348776
-0.264765
2.468291
-0.357315
-0.391863
2.060851
-0.446675
-0.276999
-0.218196
-0.353980
-0.231664
-0.360421
-0.368075
-0.400913
1.179938
-0.323291
-0.421698
3.220041
-0.395572
0.845392
-0.220189
-0.305981
2.080028
-0.372866
1.011946
-0.314412
-0.396939
-0.269719
1.386294
-0.331966
-0.134957
2.723929
5.830757
-0.253434
3.657196
-0.238310
-0.337805
2.869160
-0.349378
-0.386694
-0.324456
2.975008
-0.307502
-0.264078
-0.330260
-0.310672
-0.384196
-0.392320
-0.337572
-0.196421
-0.306206
0.274593
0.058041
-0.293064
-0.400128
-0.273639
-0.258366
-0.269087
-0.272150
-0.282362
-0.283290
-0.378858
-0.361745
-0.351843
-0.386297
-0.337983
-0.251319
-0.347097
-0.304737
-0.253480
-0.372096
-0.523019
-0.275209
-0.288130
0.795637
0.668195
-0.285050
1.400377
-0.382711
-0.319413
-0.173181
-0.393876
2.218444
-0.411934
-0.227028
0.832919
-0.254241
-0.305686
-0.423421
-0.248316
-0.215382
3.488111
-0.319297
-0.329834
-0.348911
-0.394797
-0.253418
-0.412080
-0.303457
-0.257055
-0.303587
-0.295314
-0.212907
-0.287934
-0.334890
-0.279461
-0.390482
-0.322250
0.040366
-0.198865
-0.329646
-0.350615
-0.323182
-0.256606
-0.334036
-0.284373
-0.331801
-0.184834
10.124029
-0.428844
-0.122035
-0.405997
-0.454596
2.207649
-0.362168
-0.209379
-0.372923
-0.301916
-0.412456
-0.431067
-0.242454
-0.434964
-0.235273
2.051377
-0.320724
4.136569
6.663550
-0.272466
2.080290
-0.404208
-0.350687
-0.338560
-0.318352
-0.350517
-0.188724
-0.351341
-0.330248
-0.391516
-0.268696
-0.343564
-0.335211
-0.392937
-0.222532
-0.352457
-0.411704
-0.356200
-0.284634
-0.347373
-0.206410
-0.283677
0.302600
-0.453348
-0.607578
2.003426
5.062873
6.132895
0.293511
-0.343919
-0.332823
-0.481155
-0.354753
-0.291794
-0.328826
-0.295415
-0.306616
-0.278796
-0.328740
-0.341890
-0.361390
-0.334188
-0.370378
-0.158782
-0.372711
1.625053
10.344254
-0.241186
-0.330829
-0.353819
-0.208372
5.049032
-0.263957
-0.347774
-0.331141
2.159758
-0.257616
-0.471051
0.013571
-0.210364
-0.305638
-0.409094
-0.281028
-0.365650
-0.394816
-0.336396
-0.340550
-0.402394
-0.333607
1.288463
0.134767
-0.313562
0.711168
-0.258399
-0.353562
0.227968
-0.336161
-0.293541
-0.471410
-0.391519
-0.307196
3.860086
-0.300875
0.501421
-0.412168
-0.332854
1.368824
-0.265917
-0.266598
-0.263579
-0.212005
-0.453404
-0.297263
-0.396650
-0.341625
0.143271
-0.237955
-0.488297
8.832541
-0.380500
-0.257874
-0.420229
-0.379070
-0.382444
-0.407550
-0.299183
0.521442
-0.276508
-0.273471
-0.317051
-0.408381
2.020387
-0.349578
-0.275497
-0.239465
-0.274133
1.022358
-0.271049
-0.348776
4.324083
-0.450034
-0.357315
0.407202
0.774180
-0.446675
-0.276999
-0.218196
-0.353980
-0.231664
-0.360421
2.466017
4.911001
-0.387200
-0.323291
-0.421698
-0.207758
-0.022579
1.296687
-0.220189
0.449325
-0.359408
-0.372866
0.099006
-0.314412
-0.396939
-0.269719
1.708471
2.425195
-0.443117
0.262722
1.365709
-0.253434
0.212985
-0.238310
1.050122
1.482464
-0.349378
-0.386694
-0.324456
6.051006
1.260761
-0.264078
-0.330260
-0.310672
-0.384196
-0.015555
-0.337572
-0.196421
-0.306206
-0.260508
-0.266473
-0.293064
0.459061
-0.273639
2.167210
-0.269087
-0.272150
-0.282362
-0.283290
-0.378858
-0.361745
-0.351843
1.259722
-0.337983
-0.251319
-0.347097
0.647098
-0.253480
-0.372096
1.309598
-0.275209
-0.288130
-0.378424
-0.386396
-0.285050
0.737667
-0.382711
-0.319413
-0.173181
-0.393876
0.575956
-0.411934
-0.227028
0.393493
-0.254241
-0.185233
-0.423421
1.464029
-0.215382
1.237767
-0.319297
-0.329834
-0.348911
0.725681
-0.253418
-0.412080
-0.303457
-0.257055
-0.303587
0.102199
-0.212907
2.912001
-0.334890
-0.279461
-0.390482
-0.322250
1.285990
-0.198865
-0.329646
-0.350615
-0.323182
-0.256606
1.103542
-0.284373
-0.331801
-0.184834
-0.352354
-0.428844
-0.122035
0.103677
-0.454596
-0.385799
2.546610
-0.209379
-0.372923
-0.301916
-0.412456
1.417661
-0.236686
-0.434964
-0.235273
-0.395269
3.381216
1.152624
4.414560
3.770650
8.865036
-0.404208
-0.350687
1.411551
-0.318352
-0.350517
-0.380532
-0.351341
-0.330248
0.615010
-0.268696
0.401928
-0.335211
-0.392937
-0.222532
-0.352457
-0.411704
-0.356200
-0.284634
-0.347373
-0.206410
-0.283677
-0.463223
-0.453348
1.915659
1.477205
-0.251919
-0.322114
-0.375624
1.371964
-0.332823
-0.481155
-0.354753
-0.291794
-0.328826
0.518658
-0.306616
-0.278796
-0.328740
1.123265
-0.361390
-0.334188
-0.370378
4.523666
1.068901
0.923087
-0.398265
-0.241186
1.166398
-0.353819
0.366689
-0.272598
2.593760
-0.347774
-0.331141
3.121028
-0.257616
4.227497
0.829148
-0.210364
-0.305638
-0.409094
-0.281028
-0.365650
-0.394816
-0.336396
-0.340550
-0.402394
-0.333607
2.589544
-0.437918
-0.313562
-0.387032
-0.258399
-0.353562
-0.260139
-0.336161
-0.293541
0.404358
-0.391519
-0.307196
4.647133
-0.300875
-0.341149
-0.412168
-0.332854
-0.399351
-0.265917
7.489974
-0.058982
-0.212005
-0.453404
-0.297263
-0.396650
-0.341625
-0.442042
-0.237955
-0.488297
-0.412432
-0.380500
-0.123791
1.111799
-0.379070
-0.382444
-0.407550
1.185226
-0.111066
-0.276508
-0.273471
-0.317051
-0.408381
0.544355
0.973895
-0.275497
-0.239465
-0.274133
-0.406686
0.502368
-0.348776
-0.264765
-0.450034
-0.357315
-0.391863
0.139850
-0.446675
-0.276999
-0.218196
-0.353980
-0.231664
-0.360421
-0.368075
-0.400913
-0.387200
2.255957
0.432857
-0.207758
1.899426
-0.223007
-0.220189
-0.305981
-0.359408
-0.372866
3.202208
-0.314412
-0.396939
-0.269719
-0.263236
3.261099
-0.443117
0.211425
-0.347032
-0.253434
-0.501318
-0.238310
5.794968
1.628745
2.694892
-0.386694
-0.324456
-0.272490
-0.307502
-0.264078
-0.330260
-0.310672
-0.384196
-0.341011
-0.337572
-0.196421
-0.306206
-0.260508
0.129111
-0.293064
2.433109
-0.155926
-0.258366
-0.269087
1.810380
-0.282362
-0.283290
-0.378858
-0.361745
-0.351843
4.661046
-0.337983
-0.251319
-0.347097
-0.304737
1.271846
1.092308
-0.523019
3.718198
2.023893
-0.080105
0.519345
-0.285050
-0.370990
2.281193
-0.319413
2.096101
-0.393876
1.371733
-0.411934
-0.227028
-0.427967
-0.254241
-0.015002
0.896555
1.415572
-0.215382
-0.369164
0.023499
-0.329834
-0.348911
0.760684
-0.253418
-0.412080
2.800189
-0.257055
-0.303587
-0.295314
-0.079077
2.471510
1.364778
0.091824
1.007544
1.051408
0.202443
-0.198865
2.836098
0.560918
-0.323182
2.812932
-0.334036
-0.284373
-0.331801
-0.184834
-0.352354
-0.217069
-0.008599
-0.405997
-0.454596
0.400476
-0.362168
4.579145
-0.372923
-0.301916
-0.412456
-0.431067
1.864835
-0.434964
0.196862
-0.438512
-0.320724
-0.502714
-0.409786
-0.272466
-0.320535
-0.404208
-0.350687
-0.338560
0.282929
-0.350517
0.185241
-0.234882
-0.330248
0.315901
-0.268696
-0.343564
-0.335211
-0.392937
-0.222532
0.452600
-0.411704
-0.356200
-0.284634
-0.347373
0.979192
0.779814
0.107727
-0.315475
0.150555
0.839510
-0.251919
0.441291
-0.375624
0.144398
-0.332823
-0.251946
-0.354753
2.821126
0.541761
0.986916
2.860167
-0.278796
-0.328740
0.528641
-0.361390
-0.334188
3.149698
0.114907
-0.372711
2.106359
-0.398265
4.095734
-0.330829
-0.353819
2.385535
0.695414
-0.263957
-0.347774
-0.331141
-0.340270
1.109714
0.438185
2.491549
-0.210364
-0.305638
3.823582
-0.281028
-0.365650
-0.175243
-0.336396
-0.340550
-0.402394
1.184699
2.161581
-0.310897
0.441831
-0.387032
-0.258399
-0.353562
0.848041
-0.336161
-0.293541
1.026234
2.633400
-0.307196
0.250635
-0.300875
0.759136
-0.412168
0.339298
-0.510034
1.326344
3.467191
0.207279
-0.212005
1.459411
-0.297263
-0.396650
2.575295
-0.436757
2.343242
0.004564
-0.412432
-0.380500
-0.257874
-0.027527
0.353638
0.633903
-0.407550
0.317153
0.489229
0.762216
-0.273471
-0.317051
0.935358
-0.141802
1.235173
0.939977
-0.239465
-0.274133
-0.406686
2.233419
0.291366
-0.264765
0.282697
-0.357315
-0.391863
0.911150
1.151146
0.941521
-0.218196
-0.353980
-0.231664
-0.229429
-0.368075
-0.400913
-0.387200
-0.323291
-0.421698
7.655735
-0.395572
-0.223007
-0.220189
-0.305981
-0.359408
-0.372866
-0.380209
2.788323
-0.396939
-0.269719
-0.263236
0.161672
-0.443117
2.608944
-0.347032
-0.253434
0.275908
-0.238310
-0.337805
1.478910
-0.349378
-0.386694
0.015693
-0.272490
-0.307502
-0.012127
0.763290
-0.310672
-0.384196
-0.392320
-0.319041
0.578190
-0.306206
4.373789
-0.266473
5.038117
-0.400128
-0.273639
-0.258366
-0.269087
-0.272150
2.901764
-0.283290
-0.378858
0.449915
2.344814
-0.386297
-0.337983
1.200609
-0.347097
-0.304737
-0.253480
4.187049
-0.523019
-0.275209
-0.288130
3.502551
3.858087
-0.285050
-0.370990
0.502206
-0.319413
-0.173181
-0.393876
1.381663
-0.411934
-0.227028
2.069627
-0.254241
-0.305686
0.740896
-0.248316
-0.215382
-0.369164
-0.319297
-0.329834
-0.348911
-0.394797
-0.253418
0.754239
-0.303457
-0.257055
-0.303587
0.915385
-0.212907
-0.287934
-0.334890
-0.279461
-0.390482
-0.322250
-0.482682
-0.198865
-0.329646
-0.350615
-0.323182
2.525483
-0.334036
-0.284373
-0.331801
0.135314
0.654845
-0.428844
-0.122035
-0.405997
-0.454596
1.391238
-0.362168
5.648859
-0.372923
-0.301916
-0.412456
-0.431067
-0.242454
-0.434964
-0.235273
-0.438512
-0.320724
0.460878
-0.409786
-0.272466
-0.320535
-0.404208
-0.350687
-0.338560
-0.318352
-0.350517
0.510541
1.019683
-0.330248
1.109768
-0.268696
-0.343564
-0.335211
-0.392937
13.956214
0.398285
-0.411704
-0.356200
-0.284634
-0.347373
-0.063877
-0.283677
0.169518
-0.453348
-0.607578
-0.382211
-0.251919
-0.322114
-0.375624
3.991095
-0.332823
-0.481155
-0.354753
0.079611
-0.328826
1.229424
-0.306616
2.626387
-0.328740
2.454904
1.037845
-0.334188
-0.370378
-0.371657
-0.372711
-0.355501
-0.398265
0.258557
-0.330829
-0.353819
-0.208372
2.943688
0.387904
-0.347774
-0.331141
-0.340270
-0.257616
-0.471051
4.125560
-0.210364
-0.305638
4.499959
-0.281028
1.471285
-0.394816
-0.336396
-0.340550
-0.402394
-0.110216
0.281492
-0.437918
2.110035
-0.387032
-0.258399
-0.353562
0.097611
2.426582
-0.293541
0.423702
0.376814
-0.307196
-0.367980
-0.300875
-0.341149
-0.412168
-0.332854
0.122859
-0.265917
-0.266598
0.040996
-0.212005
1.084337
-0.297263
-0.396650
-0.341625
-0.442042
1.793662
0.048537
2.305276
-0.380500
-0.257874
-0.420229
-0.379070
-0.382444
-0.407550
2.767995
0.580215
-0.276508
-0.273471
-0.317051
1.258173
1.230148
-0.349578
4.969167
-0.239465
0.120712
-0.406686
-0.271049
-0.348776
-0.264765
-0.450034
-0.357315
-0.391863
-0.551120
-0.446675
-0.276999
-0.218196
-0.353980
-0.231664
-0.360421
-0.368075
-0.400913
-0.387200
-0.323291
-0.421698
5.332081
-0.395572
2.622274
-0.220189
0.831840
-0.359408
-0.372866
-0.380209
-0.173947
-0.396939
-0.269719
-0.263236
-0.331966
1.594587
0.730876
8.983285
0.213406
1.660569
-0.238310
-0.337805
-0.309012
-0.349378
-0.386694
-0.324456
-0.272490
-0.307502
-0.264078
-0.330260
-0.310672
-0.384196
-0.038954
-0.051635
7.993499
-0.244293
3.217895
1.064224
-0.293064
-0.400128
-0.273639
-0.258366
1.421426
-0.272150
5.036212
-0.283290
-0.378858
-0.361745
-0.351843
-0.386297
-0.337983
0.406236
-0.347097
2.739819
-0.253480
-0.372096
-0.523019
-0.119220
-0.288130
0.397472
1.990219
-0.285050
-0.370990
-0.382711
-0.319413
-0.173181
-0.393876
-0.096811
-0.411934
-0.227028
3.333335
0.410883
-0.305686
-0.423421
-0.248316
-0.215382
-0.369164
-0.319297
-0.329834
-0.348911
-0.394797
-0.253418
-0.412080
-0.303457
-0.257055
-0.303587
-0.295314
0.134134
-0.287934
-0.334890
-0.279461
-0.390482
-0.322250
-0.515903
-0.198865
-0.329646
-0.350615
-0.323182
-0.256606
-0.334036
-0.284373
-0.331801
-0.184834
13.940506
-0.428844
-0.122035
-0.405997
-0.454596
1.401065
-0.362168
0.848527
-0.372923
-0.301916
-0.412456
-0.431067
-0.242454
-0.434964
-0.235273
-0.251798
-0.320724
1.122352
2.225003
-0.272466
-0.320535
0.661666
-0.350687
-0.338560
-0.318352
-0.350517
-0.380532
-0.351341
-0.330248
-0.391516
-0.268696
-0.343564
1.996810
-0.392937
-0.222532
-0.352457
5.365201
-0.356200
-0.284634
-0.347373
-0.206410
0.271006
0.371216
-0.453348
-0.607578
-0.382211
-0.251919
-0.322114
-0.375624
1.430872
-0.332823
-0.481155
-0.354753
-0.291794
-0.328826
-0.312967
-0.306616
-0.278796
-0.084768
3.772182
-0.361390
-0.334188
-0.370378
1.102852
-0.372711
1.358850
1.386211
-0.241186
-0.330829
-0.353819
-0.208372
-0.241074
0.968457
-0.347774
-0.331141
1.811874
-0.257616
0.347633
3.768275
1.242148
-0.305638
0.222827
-0.281028
-0.365650
-0.394816
-0.336396
-0.340550
-0.184048
-0.333607
2.705894
3.090791
-0.313562
-0.387032
-0.258399
-0.353562
0.126618
-0.336161
0.666592
-0.471410
-0.391519
-0.307196
0.050993
-0.300875
-0.341149
-0.412168
-0.332854
-0.510034
-0.265917
-0.266598
-0.263579
-0.212005
-0.453404
-0.297263
-0.396650
-0.341625
-0.442042
-0.237955
1.328104
10.208773
-0.380500
-0.257874
-0.420229
2.570726
-0.382444
-0.407550
-0.299183
-0.322225
-0.276508
-0.273471
1.596174
-0.408381
-0.242097
-0.349578
2.282408
-0.239465
-0.274133
-0.406686
-0.271049
-0.080199
0.452232
-0.450034
-0.357315
-0.391863
0.685213
-0.446675
2.929780
-0.218196
-0.353980
0.956401
0.159342
-0.106020
-0.354685
-0.387200
-0.323291
-0.421698
-0.207758
3.499998
6.286560
-0.220189
-0.305981
-0.359408
3.125005
-0.380209
-0.314412
-0.396939
-0.269719
-0.263236
1.744423
0.680465
1.205434
0.954458
1.341694
-0.501318
-0.238310
1.115182
-0.309012
-0.349378
-0.386694
-0.324456
0.266075
1.435733
-0.264078
-0.330260
-0.310672
-0.384196
1.151789
-0.337572
-0.196421
-0.034640
-0.260508
-0.266473
1.769348
-0.382345
-0.273639
-0.258366
1.962941
-0.272150
-0.282362
-0.283290
6.485763
-0.361745
-0.351843
1.410107
-0.337983
-0.251319
-0.347097
3.116610
2.908558
-0.372096
0.278637
-0.275209
-0.288130
-0.378424
-0.386396
-0.285050
-0.370990
0.620235
-0.319413
0.196046
1.355781
0.851870
-0.411934
-0.227028
-0.427967
-0.254241
-0.305686
-0.347174
1.358063
-0.215382
-0.369164
-0.319297
-0.329834
-0.348911
-0.394797
3.817151
-0.412080
-0.303457
-0.257055
-0.303587
0.183755
0.291164
2.588687
-0.334890
-0.279461
-0.390482
-0.322250
0.510504
1.228927
-0.329646
-0.350615
-0.323182
-0.256606
0.846970
-0.284373
0.276718
-0.184834
-0.352354
-0.428844
-0.122035
-0.405997
-0.454596
-0.385799
2.608001
-0.209379
-0.372923
-0.301916
-0.408570
-0.431067
-0.242454
-0.434964
-0.235273
0.454798
3.534395
0.500861
2.567198
1.625469
-0.134604
-0.404208
0.092098
-0.052524
-0.318352
-0.350517
-0.380532
-0.351341
-0.330248
2.775315
3.967941
0.790677
-0.335211
-0.392937
-0.222532
-0.352457
3.089071
-0.356200
-0.284634
-0.347373
-0.206410
-0.283677
-0.216567
-0.453348
0.424913
1.558554
-0.251919
-0.322114
-0.375624
-0.343919
0.460219
-0.481155
-0.354753
-0.291794
-0.328826
0.862854
2.651787
-0.278796
-0.328740
6.884632
-0.361390
0.013507
-0.370378
3.218171
0.570423
-0.355501
-0.398265
-0.241186
-0.330829
0.850828
-0.208372
-0.272598
2.504502
-0.347774
-0.331141
2.494322
-0.257616
2.731232
-0.077069
-0.210364
0.879401
0.137917
-0.281028
-0.365650
-0.394816
0.267820
-0.340550
-0.402394
-0.333607
1.085829
-0.437918
-0.313562
-0.387032
-0.258399
-0.353562
-0.090695
-0.328906
1.525727
-0.362607
-0.391519
-0.307196
1.946373
-0.300875
-0.341149
1.747821
-0.332854
-0.510034
-0.265917
3.704352
1.185289
-0.212005
-0.453404
-0.297263
-0.396650
-0.341625
-0.442042
-0.237955
-0.488297
-0.412432
-0.380500
0.041851
0.165600
1.635937
-0.382444
-0.407550
2.061239
0.666815
-0.276508
-0.273471
-0.317051
-0.408381
0.674529
1.476742
-0.275497
-0.239465
1.995007
-0.406686
-0.271049
-0.348776
-0.264765
-0.450034
-0.357315
-0.391863
0.046453
-0.446675
-0.276999
-0.218196
-0.353980
-0.231664
1.355325
-0.368075
-0.400913
-0.387200
0.885807
-0.421698
-0.207758
-0.395572
-0.223007
-0.220189
-0.305981
-0.359408
-0.372866
1.397678
-0.314412
-0.396939
-0.269719
-0.263236
1.600308
-0.319417
1.245463
-0.347032
-0.253434
-0.501318
-0.238310
1.926766
0.695119
1.250918
-0.386694
-0.252492
-0.272490
-0.307502
-0.264078
-0.330260
-0.310672
-0.384196
-0.392320
-0.337572
-0.196421
-0.306206
-0.260508
-0.266473
-0.293064
0.098351
-0.273639
-0.258366
-0.269087
-0.272150
-0.282362
-0.283290
2.542100
-0.361745
-0.351843
2.939322
-0.337983
0.322145
-0.347097
-0.304737
