-0.259903
-0.408008
-0.454978
0.881662
0.495220
-0.445753
-0.194112
-0.378711
0.345873
0.520203
-0.468499
2.489781
-0.327713
0.845047
-0.313912
0.007954
3.763678
1.838876
-0.354033
-0.424681
-0.377594
1.392797
-0.287722
3.287601
-0.367117
-0.347466
-0.332710
2.826524
-0.433224
4.981602
-0.336193
3.183670
-0.300150
2.772259
-0.477800
0.065381
-0.289836
-0.010105
-0.304398
-0.441374
-0.471972
-0.536523
-0.178866
0.663232
-0.485541
-0.512882
3.883692
0.716747
4.670044
-0.369549
2.169428
-0.161841
1.042464
-0.307844
-0.404172
0.603846
0.853806
2.147530
0.760469
3.380911
9.037212
-0.304784
6.031347
-0.306902
1.182172
-0.428103
-0.641312
-0.720116
-0.312927
-0.329961
2.723401
4.876999
-0.471757
0.476023
-0.354472
-0.253856
2.869587
-0.334474
2.505590
1.373337
6.888089
2.893329
-0.529309
-0.327630
-0.496825
14.276333
-0.419758
3.212204
0.343297
-0.135652
-0.327515
0.570624
-0.480061
-0.593826
1.344618
2.951466
3.369932
-0.526465
4.019426
0.824555
3.179461
-0.206520
-0.516953
-0.302467
-0.423085
0.394384
1.504073
0.722143
-0.370607
-0.367855
-0.219455
-0.318133
-0.365177
-0.261254
-0.592998
1.035712
-0.504982
-0.292154
-0.361669
-0.469599
-0.485868
-0.294643
-0.246691
4.217879
-0.359196
2.606044
1.895300
1.216961
-0.259903
-0.408008
-0.454978
0.354892
-0.470778
-0.445753
-0.194112
-0.378711
-0.406734
-0.246697
0.920826
-0.468326
-0.327713
-0.500929
-0.313912
1.351915
5.485705
7.882763
-0.354033
-0.424681
-0.377594
-0.131357
0.973898
9.430185
-0.367117
-0.347466
-0.332710
-0.205791
-0.449285
16.310783
-0.336193
6.047644
-0.300150
3.813474
0.165619
0.065381
-0.289836
-0.357188
-0.304398
-0.441374
2.114935
7.079453
-0.178866
-0.133128
0.772809
-0.512882
1.969622
1.095749
0.923213
-0.369549
4.360364
-0.161841
-0.225614
-0.307844
2.352569
-0.240148
2.232381
-0.473362
-0.312708
2.931217
3.356953
-0.304784
-0.251277
1.238376
0.876648
-0.428103
-0.641312
-0.720116
0.973124
-0.329961
8.146608
4.425342
-0.269631
1.559821
-0.354472
-0.253856
2.583630
-0.334474
0.225495
6.235209
4.736058
1.135734
-0.184670
5.845358
-0.496825
8.472221
-0.201947
-0.433122
-0.318246
-0.135652
-0.327515
1.300156
3.658056
-0.593826
-0.429478
-0.538968
0.067259
-0.526465
-0.428905
7.082799
2.493460
-0.206520
5.764081
-0.302467
3.292643
4.607174
2.375110
0.293644
-0.370607
-0.367855
-0.219455
-0.318133
-0.365177
-0.261254
-0.126363
-0.770090
-0.504982
-0.292154
-0.361669
-0.469599
1.354915
-0.294643
-0.246691
4.258192
-0.359196
-0.293518
-0.322049
-0.475240
-0.259903
-0.408008
-0.454978
-0.568625
0.094425
-0.445753
-0.194112
-0.378711
-0.406734
-0.246697
1.463177
-0.468326
-0.245787
-0.500929
-0.313912
-0.497467
3.201516
2.752465
-0.354033
-0.424681
-0.377594
5.607626
5.495456
6.859091
-0.367117
-0.347466
-0.332710
-0.205791
3.556683
-0.347280
-0.336193
-0.425477
-0.300150
5.129868
1.516253
0.065381
7.612289
1.178552
-0.304398
-0.441374
-0.170511
11.028794
3.109483
-0.133128
-0.485541
-0.512882
-0.311051
-0.394649
2.021364
-0.369549
5.239872
-0.161841
1.714316
-0.307844
-0.404172
-0.240148
1.022875
-0.135275
-0.312708
2.873028
-0.423626
-0.304784
-0.251277
-0.306902
-0.302193
-0.428103
-0.641312
-0.720116
-0.205599
3.045201
8.448651
5.819746
2.204297
-0.067919
0.169634
-0.253856
-0.360818
-0.334474
-0.340559
2.220898
5.638092
-0.429590
-0.529309
7.234413
-0.496825
3.490727
-0.419758
-0.433122
-0.318246
-0.135652
-0.327515
1.872418
5.876240
-0.593826
5.622365
0.621321
-0.603397
-0.526465
-0.428905
2.889659
-0.635035
-0.206520
6.693537
-0.302467
-0.423085
3.354535
-0.129242
0.623295
-0.370607
-0.367855
-0.219455
-0.318133
0.951547
-0.261254
-0.592998
-0.770090
-0.504982
-0.292154
-0.361669
-0.469599
-0.485868
-0.294643
3.297809
2.407890
-0.359196
7.015140
-0.379277
0.516962
-0.259903
-0.408008
1.737043
-0.568625
-0.470778
-0.445753
-0.194112
-0.378711
3.190982
-0.246697
-0.468499
-0.468326
-0.327713
-0.500929
-0.313912
0.511896
3.653094
9.346409
-0.354033
-0.424681
-0.377594
3.700592
-0.429652
1.716206
-0.367117
-0.347466
-0.332710
-0.205791
8.062858
11.857754
-0.336193
8.701902
-0.300150
10.783769
-0.293627
0.065381
11.241070
-0.357188
-0.304398
4.262937
1.549555
25.459679
-0.178866
-0.133128
-0.485541
-0.512882
-0.311051
-0.394649
-0.051199
-0.369549
1.464926
-0.161841
-0.225614
-0.307844
10.981215
-0.240148
-0.630287
-0.473362
-0.312708
1.909626
-0.423626
-0.304784
-0.251277
-0.306902
-0.302193
-0.428103
-0.641312
7.482514
-0.312927
-0.329961
9.631704
5.683171
-0.471757
2.604729
5.759095
-0.253856
-0.360818
-0.334474
-0.340559
0.873309
-0.250531
3.130494
4.747559
3.542961
-0.496825
-0.031597
-0.419758
-0.433122
-0.318246
-0.135652
-0.327515
1.350242
12.602417
-0.593826
-0.429478
-0.538968
-0.603397
-0.526465
-0.428905
5.819943
-0.050775
-0.206520
3.072010
-0.302467
2.152370
0.252312
5.719124
-0.507247
-0.370607
-0.367855
-0.219455
-0.318133
-0.284897
-0.261254
0.028459
-0.770090
-0.504982
-0.292154
-0.361669
-0.469599
-0.485868
-0.294643
-0.246691
-0.147433
-0.359196
-0.293518
8.596213
-0.475240
-0.259903
-0.408008
-0.404838
-0.568625
10.546770
-0.445753
-0.194112
-0.378711
2.537529
-0.246697
2.181854
-0.468326
-0.327713
15.400630
-0.313912
-0.497467
-0.646142
1.248502
-0.354033
-0.424681
-0.377594
3.390705
5.012962
-0.354502
-0.367117
-0.347466
-0.332710
-0.205791
17.100740
-0.347280
9.545181
-0.425477
-0.300150
6.624753
-0.477800
0.065381
8.353809
-0.357188
-0.304398
1.767305
4.186676
22.857622
1.894360
-0.133128
-0.485541
-0.512882
-0.311051
-0.394649
8.631895
-0.369549
-0.423225
-0.161841
-0.225614
-0.307844
-0.404172
-0.240148
5.815230
2.698596
-0.312708
0.514192
-0.423626
-0.304784
-0.251277
0.446691
-0.302193
2.443121
-0.014063
0.362248
1.402407
1.230770
12.826241
5.685570
-0.471757
-0.067919
-0.354472
-0.253856
-0.360818
-0.334474
-0.340559
4.794542
-0.250531
0.253626
1.779077
-0.342497
0.316627
-0.031597
6.259825
-0.433122
-0.318246
-0.135652
-0.327515
9.598724
9.706740
-0.593826
9.704523
9.338085
-0.603397
-0.526465
-0.428905
-0.580648
-0.635035
-0.206520
5.697488
-0.302467
-0.423085
1.341821
-0.129242
-0.507247
-0.370607
-0.367855
2.396869
-0.318133
-0.365177
-0.261254
3.545714
3.415124
-0.504982
-0.292154
-0.361669
-0.469599
-0.485868
-0.294643
-0.246691
-0.147433
-0.359196
7.257140
3.128920
-0.475240
-0.259903
-0.408008
4.014452
1.941851
-0.470778
-0.445753
-0.194112
-0.378711
1.968210
-0.246697
1.391307
10.118117
-0.327713
7.470258
0.013991
-0.497467
5.995788
-0.538711
-0.354033
-0.424681
-0.377594
1.686851
4.157587
-0.354502
-0.367117
-0.347466
-0.332710
0.741778
-0.449285
-0.347280
2.278136
-0.425477
-0.300150
3.000804
1.032676
0.065381
1.259440
-0.357188
-0.304398
1.460792
2.939168
-0.536523
0.883308
-0.133128
-0.485541
-0.512882
0.949113
-0.394649
-0.664873
-0.369549
-0.385289
-0.161841
5.414664
-0.307844
-0.404172
-0.240148
0.206827
-0.473362
-0.312708
2.143881
5.254638
-0.304784
1.790126
-0.306902
-0.302193
0.042056
-0.641312
3.156163
-0.312927
-0.329961
11.194946
15.575747
-0.471757
0.611837
-0.354472
-0.253856
-0.360818
-0.334474
1.592642
0.736060
2.914875
-0.429590
-0.529309
0.333890
-0.496825
2.843019
-0.419758
7.675887
5.999432
-0.135652
-0.327515
4.808748
-0.480061
-0.593826
4.499720
8.791350
3.170455
-0.526465
0.917703
-0.580648
0.336505
-0.206520
-0.516953
-0.302467
-0.423085
0.003229
10.120754
-0.248823
-0.370607
-0.367855
2.463588
-0.318133
1.430464
-0.261254
-0.592998
0.597525
1.341878
-0.292154
-0.361669
-0.469599
-0.355359
-0.294643
-0.246691
5.681722
-0.359196
1.185895
3.629051
5.710981
-0.259903
-0.408008
-0.454978
0.871689
-0.470778
-0.445753
-0.194112
-0.378711
-0.198241
-0.246697
0.801402
0.712413
-0.327713
1.116150
0.874306
-0.497467
2.317539
-0.404567
-0.354033
-0.424681
-0.377594
0.235847
2.345145
1.043421
-0.367117
-0.347466
-0.332710
3.125023
0.527628
4.543182
-0.336193
2.387254
-0.300150
2.839644
-0.477800
0.065381
-0.289836
-0.357188
-0.304398
-0.441374
0.470428
-0.536523
-0.178866
-0.133128
-0.485541
-0.512882
4.381103
-0.394649
-0.389127
-0.369549
-0.423225
-0.161841
0.647523
-0.307844
-0.404172
-0.240148
1.400012
-0.448785
0.316657
3.175324
1.950330
-0.304784
1.794785
-0.306902
-0.302193
-0.428103
-0.641312
0.693838
-0.312927
-0.329961
4.011946
3.150804
-0.471757
-0.067919
-0.354472
-0.253856
-0.360818
-0.334474
-0.340559
1.076007
1.593013
-0.429590
-0.529309
-0.342497
-0.496825
5.938663
-0.419758
-0.433122
-0.318246
-0.135652
-0.327515
0.275054
-0.480061
-0.593826
0.736461
-0.538968
3.621616
-0.526465
0.559681
-0.580648
1.956008
-0.206520
-0.516953
-0.302467
-0.423085
0.577217
3.822303
-0.507247
-0.370607
-0.367855
-0.219455
-0.318133
-0.365177
-0.261254
-0.592998
-0.611997
-0.504982
-0.062533
-0.361669
-0.469599
-0.008248
-0.294643
-0.246691
-0.147433
-0.359196
1.140152
-0.589318
1.512958
0.138614
-0.408008
0.293622
0.098984
-0.470778
0.579231
-0.194112
-0.378711
0.289630
-0.246697
1.269589
0.823233
-0.327713
1.299752
2.736203
-0.497467
1.913721
-0.538711
-0.354033
-0.424681
-0.377594
-0.640996
3.032699
0.088572
-0.033586
-0.347466
-0.332710
2.012755
-0.449285
5.237093
-0.336193
3.064168
-0.300150
2.467442
0.052857
0.065381
-0.289836
-0.357188
-0.304398
1.201238
1.105288
-0.536523
-0.178866
-0.133128
-0.485541
-0.512882
4.494468
-0.394649
-0.664873
1.657871
-0.423225
-0.161841
0.450337
-0.307844
-0.404172
-0.240148
1.833020
-0.473362
-0.186413
3.221781
2.011057
-0.304784
2.206847
-0.306902
-0.302193
-0.428103
-0.641312
2.271530
-0.312927
-0.329961
3.104070
2.880633
-0.430955
1.668840
-0.354472
-0.253856
-0.360818
-0.334474
-0.340559
0.892730
0.645693
-0.429590
0.661589
-0.162180
-0.496825
5.917054
-0.419758
-0.433122
-0.318246
-0.135652
-0.327515
-0.115739
-0.480061
-0.593826
0.486101
-0.538968
3.291230
-0.526465
0.654685
-0.580648
1.725692
-0.206520
-0.516953
-0.302467
0.809903
0.390261
3.386417
-0.507247
-0.370607
-0.367855
-0.219455
-0.318133
-0.365177
-0.261254
-0.592998
-0.770090
-0.504982
-0.292154
-0.361669
3.057459
0.154595
-0.294643
-0.246691
0.694725
2.278773
1.039289
-0.589318
1.224058
-0.259903
-0.408008
-0.454978
0.568124
-0.470778
-0.445753
-0.194112
-0.378711
0.219163
0.723141
-0.468499
-0.468326
-0.327713
0.574562
-0.313912
-0.374710
2.816351
0.451603
3.249940
-0.424681
-0.377594
3.751482
-0.429652
0.259274
-0.367117
-0.347466
-0.332710
4.166211
-0.449285
2.437456
-0.336193
-0.425477
-0.300150
1.138376
-0.477800
0.065381
-0.289836
2.181962
-0.304398
-0.441374
-0.484735
1.534137
2.579774
-0.133128
-0.485541
-0.512882
2.518090
0.344212
7.450894
-0.369549
3.103724
-0.161841
0.350999
-0.307844
-0.404172
-0.240148
0.172788
1.295929
2.554812
4.961056
-0.139699
-0.304784
9.108505
-0.306902
0.766073
-0.428103
-0.641312
0.614061
0.286238
-0.329961
2.767981
0.704255
-0.471757
0.632820
-0.354472
-0.196288
1.951581
-0.334474
5.239858
2.175915
1.818674
0.583116
-0.529309
-0.342497
-0.496825
6.421568
-0.419758
2.963711
1.400428
-0.086014
-0.327515
0.643443
-0.480061
-0.593826
-0.429478
2.200845
3.698625
-0.526465
6.009776
1.022246
3.888279
-0.206520
-0.516953
-0.302467
-0.423085
-0.446025
1.717672
-0.507247
-0.370607
-0.367855
-0.219455
-0.318133
-0.365177
-0.261254
-0.239161
-0.766659
-0.504982
-0.292154
-0.361669
-0.469599
-0.485868
-0.294643
-0.246691
6.882989
-0.359196
1.641374
2.676541
3.464709
-0.259903
-0.408008
6.870291
-0.568625
-0.470778
-0.445753
-0.194112
-0.378711
-0.270122
-0.246697
-0.468499
-0.468326
-0.327713
-0.500929
5.282585
-0.497467
2.703032
4.998724
-0.354033
-0.424681
-0.377594
-0.251529
8.106582
-0.354502
1.824102
-0.347466
-0.332710
-0.205791
-0.449285
18.414669
-0.336193
6.226259
-0.300150
4.001392
1.008037
0.065381
-0.289836
1.505372
-0.304398
2.464310
3.773074
14.641427
-0.178866
-0.133128
-0.485541
-0.512882
-0.311051
-0.394649
1.482922
-0.369549
1.305170
-0.161841
-0.225614
-0.307844
4.953396
-0.240148
2.227238
-0.473362
-0.312708
6.121771
-0.423626
-0.304784
-0.251277
-0.306902
-0.302193
-0.428103
-0.641312
9.924003
-0.312927
-0.329961
-0.485388
1.295741
-0.471757
-0.067919
-0.354472
-0.253856
-0.360818
-0.334474
-0.340559
5.025928
-0.250531
-0.429590
2.751740
-0.342497
-0.496825
-0.031597
2.212189
-0.433122
-0.318246
-0.135652
-0.327515
-0.714810
8.186531
2.386636
-0.429478
-0.538968
-0.603397
1.011447
4.701216
4.213766
3.613822
-0.206520
8.012563
-0.302467
6.166541
2.560125
14.242607
-0.507247
-0.370607
-0.367855
-0.219455
-0.318133
-0.365177
-0.261254
-0.592998
-0.770090
-0.504982
-0.292154
-0.361669
-0.469599
-0.485868
-0.294643
-0.246691
4.115252
-0.359196
0.563260
1.682873
-0.475240
-0.259903
-0.408008
-0.454978
-0.568625
-0.470778
-0.445753
-0.194112
-0.378711
-0.406734
-0.246697
0.774879
-0.468326
-0.327713
-0.500929
-0.313912
-0.497467
-0.646142
3.215333
-0.354033
-0.424681
-0.377594
-0.640996
1.683520
-0.354502
-0.367117
-0.347466
-0.332710
-0.205791
10.528400
-0.347280
-0.336193
-0.425477
-0.300150
3.197778
-0.477800
0.065381
5.496974
-0.357188
-0.304398
-0.441374
0.698988
15.959539
2.473372
-0.133128
-0.485541
-0.512882
-0.311051
-0.394649
10.845147
-0.369549
1.536647
-0.161841
-0.225614
-0.307844
-0.404172
-0.240148
2.137062
-0.473362
-0.312708
6.203231
-0.423626
12.650208
-0.251277
-0.306902
-0.302193
-0.428103
3.625355
1.140840
-0.312927
-0.329961
-0.533938
-0.186340
-0.471757
-0.067919
-0.354472
-0.253856
-0.360818
-0.334474
-0.340559
1.552052
-0.250531
-0.429590
-0.529309
-0.342497
-0.496825
-0.031597
8.731380
-0.433122
-0.318246
-0.135652
-0.327515
1.636645
10.293214
2.118021
-0.429478
-0.538968
-0.603397
-0.526465
-0.428905
-0.580648
-0.635035
-0.206520
7.750459
-0.302467
-0.423085
-0.587129
-0.129242
-0.507247
-0.370607
-0.367855
-0.219455
-0.318133
-0.365177
-0.261254
1.849701
0.919598
-0.504982
-0.025956
-0.361669
-0.469599
-0.485868
-0.294643
-0.246691
-0.147433
-0.359196
-0.293518
1.637401
7.272825
-0.259903
-0.408008
3.383274
-0.568625
-0.470778
-0.445753
-0.194112
-0.378711
-0.406734
-0.246697
-0.468499
-0.468326
-0.327713
-0.500929
-0.313912
-0.497467
-0.646142
5.751763
-0.354033
-0.424681
-0.377594
-0.640996
-0.429652
-0.354502
-0.367117
-0.347466
0.967650
-0.205791
9.350379
-0.347280
-0.336193
-0.425477
-0.300150
-0.545216
-0.477800
0.065381
12.809599
-0.357188
-0.304398
-0.441374
-0.484735
13.868315
-0.178866
-0.133128
-0.485541
1.813738
-0.311051
-0.394649
-0.664873
-0.369549
1.596451
-0.161841
-0.225614
-0.307844
-0.404172
-0.240148
-0.630287
-0.473362
-0.312708
-0.624787
-0.423626
-0.304784
-0.251277
-0.306902
-0.302193
-0.428103
2.409780
3.191695
0.289497
-0.329961
1.272923
-0.186340
-0.471757
-0.067919
2.593508
-0.253856
-0.360818
-0.334474
-0.340559
-0.322781
-0.250531
-0.429590
0.685240
-0.342497
-0.496825
-0.031597
-0.419758
-0.433122
-0.318246
-0.135652
-0.327515
-0.714810
17.020922
-0.593826
-0.429478
-0.538968
-0.603397
-0.526465
-0.428905
-0.580648
5.201435
-0.206520
3.491821
-0.302467
3.414106
-0.587129
-0.129242
-0.507247
-0.370607
4.389326
-0.219455
-0.318133
3.275961
-0.261254
-0.592998
-0.444965
-0.504982
0.429118
-0.361669
-0.469599
-0.485868
-0.294643
-0.246691
-0.147433
-0.359196
-0.293518
8.322294
-0.475240
-0.259903
-0.408008
-0.454978
-0.568625
0.644791
-0.445753
-0.194112
-0.378711
-0.406734
-0.246697
-0.468499
-0.468326
1.823222
11.250438
-0.313912
-0.144813
-0.646142
3.159340
-0.354033
-0.424681
-0.377594
-0.640996
-0.429652
-0.354502
-0.367117
-0.347466
-0.332710
-0.205791
18.381472
-0.347280
0.868459
-0.425477
-0.300150
6.906271
-0.477800
0.065381
0.398043
-0.357188
-0.304398
-0.441374
-0.484735
10.413948
-0.178866
-0.133128
-0.485541
-0.512882
-0.311051
-0.394649
-0.228932
-0.369549
-0.423225
-0.161841
-0.225614
-0.307844
-0.404172
-0.240148
6.721770
-0.473362
-0.312708
1.435561
-0.423626
2.081945
-0.251277
-0.306902
-0.302193
5.072273
4.471990
-0.720116
5.654812
-0.329961
3.164997
-0.186340
-0.471757
-0.067919
-0.354472
4.452068
-0.360818
-0.334474
-0.340559
4.024041
-0.250531
-0.429590
-0.529309
-0.342497
5.364474
-0.031597
-0.004127
-0.433122
-0.318246
-0.135652
-0.327515
13.050563
10.473128
-0.593826
-0.429478
-0.538968
-0.603397
-0.526465
-0.428905
-0.580648
0.588879
-0.206520
-0.516953
-0.302467
-0.423085
2.875913
-0.129242
-0.507247
-0.370607
2.999762
1.558638
-0.318133
1.045675
-0.261254
2.546470
8.435099
-0.504982
-0.292154
-0.361669
-0.469599
-0.485868
-0.294643
-0.246691
-0.147433
-0.359196
-0.293518
5.067594
3.314684
-0.259903
-0.408008
5.415384
-0.107551
-0.470778
-0.445753
-0.194112
-0.378711
4.006468
-0.246697
-0.468499
6.800889
-0.327713
7.090873
-0.313912
-0.497467
6.882030
-0.538711
-0.354033
-0.424681
-0.377594
1.874560
2.992625
-0.354502
-0.367117
-0.347466
-0.332710
-0.205791
-0.449285
-0.347280
5.707253
-0.425477
-0.300150
1.925723
0.585431
0.065381
0.189417
-0.357188
-0.304398
0.828160
5.662831
-0.536523
1.042706
-0.133128
-0.485541
-0.512882
2.085925
-0.394649
0.855468
-0.369549
-0.423225
-0.161841
5.669524
-0.307844
-0.404172
-0.240148
1.226853
3.794170
-0.312708
4.672783
-0.423626
-0.304784
-0.251277
5.007545
1.059380
6.031429
-0.641312
3.271312
-0.312927
-0.329961
13.738285
7.150854
-0.471757
0.373730
-0.354472
-0.253856
-0.360818
-0.334474
4.308134
3.749378
1.529399
0.269467
-0.529309
-0.342497
-0.496825
-0.031597
-0.419758
10.735427
14.441648
1.170458
-0.327515
6.042980
-0.480061
-0.593826
-0.429478
9.233019
1.237867
-0.526465
1.033671
-0.580648
-0.635035
-0.206520
-0.516953
-0.302467
-0.423085
-0.587129
8.057332
-0.507247
-0.370607
0.567546
-0.219455
-0.318133
0.015600
-0.261254
1.904171
0.474594
-0.504982
0.767017
-0.361669
2.423211
-0.485868
-0.294643
-0.246691
3.421706
-0.359196
-0.293518
1.532307
9.279928
-0.259903
-0.408008
-0.454978
-0.564336
-0.470778
-0.445753
-0.194112
-0.378711
-0.406734
-0.246697
0.059127
-0.468326
-0.327713
0.810362
-0.313912
-0.497467
1.968154
-0.538711
-0.354033
-0.424681
-0.377594
0.689105
0.023755
-0.354502
-0.367117
-0.347466
-0.332710
5.247395
-0.449285
2.746612
-0.336193
-0.425477
-0.300150
1.816547
-0.477800
0.065381
-0.289836
-0.357188
-0.304398
-0.441374
0.082977
-0.536523
-0.178866
-0.133128
-0.485541
-0.512882
6.121767
-0.394649
-0.065665
-0.369549
-0.356915
-0.161841
-0.225614
-0.307844
-0.404172
-0.240148
1.057156
-0.473362
2.378012
3.622319
-0.423626
-0.304784
-0.251277
-0.306902
-0.302193
-0.428103
-0.641312
0.273221
-0.312927
-0.329961
3.489806
0.488552
-0.471757
-0.067919
-0.354472
-0.253856
-0.360818
-0.334474
-0.340559
0.247238
-0.250531
-0.429590
-0.529309
-0.342497
-0.496825
1.468350
-0.419758
-0.433122
0.482971
-0.135652
-0.327515
0.153029
-0.480061
-0.593826
-0.429478
-0.538968
3.043812
-0.526465
1.191659
-0.580648
1.363842
-0.206520
-0.516953
-0.302467
-0.423085
0.060421
3.525507
-0.507247
-0.370607
-0.367855
-0.219455
-0.318133
-0.365177
-0.261254
-0.592998
-0.770090
-0.504982
-0.292154
-0.361669
-0.469599
-0.485868
-0.294643
-0.246691
-0.147433
-0.359196
-0.293518
-0.589318
0.562875
-0.259903
-0.408008
0.533290
-0.568625
-0.470778
0.764843
-0.194112
-0.378711
0.069155
-0.246697
1.085880
-0.468326
-0.327713
0.599028
1.190217
-0.497467
1.450953
-0.538711
-0.354033
-0.424681
-0.377594
-0.513624
1.336370
-0.354502
-0.367117
-0.347466
-0.332710
3.604878
-0.449285
3.926703
-0.336193
3.039897
-0.300150
1.537729
-0.477800
0.065381
-0.289836
0.032181
-0.304398
0.355004
1.154397
-0.536523
-0.178866
-0.133128
-0.485541
-0.512882
5.975070
-0.394649
-0.664873
1.295636
0.035812
-0.161841
0.050445
-0.307844
-0.404172
-0.240148
1.814821
-0.473362
1.611143
3.604838
-0.423626
-0.304784
-0.071236
-0.306902
-0.302193
-0.428103
-0.641312
2.589424
-0.312927
-0.329961
2.597802
0.665359
-0.471757
0.880397
-0.354472
-0.253856
-0.360818
-0.334474
-0.340559
0.026047
-0.250531
-0.429590
0.694468
-0.342497
-0.496825
2.915036
-0.419758
-0.433122
-0.318246
-0.135652
-0.327515
-0.400508
-0.480061
-0.593826
-0.429478
-0.538968
2.943182
-0.526465
1.004586
-0.580648
1.276573
-0.206520
-0.516953
-0.302467
0.289999
0.144154
3.224420
-0.507247
-0.370607
-0.367855
-0.219455
-0.318133
-0.365177
-0.261254
-0.592998
-0.770090
-0.504982
-0.292154
-0.361669
4.340315
-0.275311
-0.294643
-0.246691
0.200683
1.713764
-0.293518
-0.589318
0.840345
-0.259903
-0.408008
-0.454978
0.552681
-0.470778
0.562217
-0.194112
-0.378711
0.202270
0.708048
0.408177
-0.468326
-0.327713
0.546067
-0.313912
-0.356523
4.643527
0.467903
3.548164
-0.424681
-0.377594
2.851746
-0.429652
0.659023
-0.367117
-0.347466
-0.332710
4.151921
-0.449285
3.126137
-0.336193
-0.425477
-0.300150
1.137950
-0.142163
0.065381
-0.289836
1.947229
-0.304398
-0.441374
-0.484735
2.664341
4.149064
-0.133128
-0.485541
-0.512882
3.099671
2.001724
6.439698
-0.369549
2.079949
-0.161841
2.324208
-0.307844
-0.404172
-0.240148
0.304274
1.271289
2.521109
5.422016
-0.423626
-0.304784
12.931378
-0.306902
1.170424
-0.428103
-0.641312
1.429501
0.428236
-0.329961
2.743093
0.682137
-0.471757
6.544960
-0.354472
-0.236122
-0.360818
-0.334474
7.585983
2.285296
8.129959
0.588629
-0.529309
-0.342497
-0.496825
8.429188
-0.419758
2.908542
1.332862
-0.135652
-0.327515
0.630082
-0.480061
-0.593826
-0.429478
2.355294
4.591873
-0.526465
6.590072
1.298827
4.171806
-0.206520
-0.516953
-0.302467
0.295900
0.075348
1.641900
-0.507247
-0.370607
-0.367855
-0.219455
-0.318133
-0.365177
-0.261254
0.115349
-0.599819
-0.504982
-0.292154
-0.361669
-0.469599
-0.485868
-0.294643
-0.246691
9.047159
-0.359196
0.727283
2.013600
3.655448
-0.259903
-0.408008
-0.454978
-0.568625
-0.470778
0.604065
-0.194112
-0.378711
1.212430
-0.246697
-0.468499
-0.468326
-0.327713
-0.500929
5.221410
-0.497467
3.019231
2.528784
-0.354033
-0.424681
-0.377594
-0.640996
8.705913
-0.354502
3.347982
-0.347466
-0.332710
-0.205791
-0.335386
15.580158
-0.336193
17.296888
-0.300150
0.420803
2.900696
0.065381
-0.289836
5.694664
-0.304398
-0.441374
5.695649
13.639091
-0.178866
-0.133128
-0.485541
-0.512882
3.593947
-0.394649
-0.664873
-0.369549
0.584872
-0.161841
-0.225614
-0.307844
-0.404172
-0.240148
2.099345
-0.473362
-0.312708
3.308921
-0.423626
-0.304784
-0.251277
-0.306902
-0.302193
-0.428103
-0.641312
11.092602
1.623963
-0.329961
3.100294
2.710685
-0.471757
2.380296
1.005604
-0.253856
-0.360818
-0.334474
0.289351
-0.389514
-0.250531
-0.429590
4.782453
-0.342497
-0.496825
-0.031597
2.119665
-0.433122
-0.318246
-0.135652
-0.327515
-0.714810
6.141509
2.259637
-0.429478
-0.538968
-0.603397
2.880830
8.063955
-0.580648
5.651279
-0.206520
3.264250
-0.302467
5.754885
2.307168
14.278398
-0.507247
-0.370607
-0.367855
-0.219455
-0.318133
-0.365177
-0.261254
2.526592
-0.770090
-0.504982
-0.292154
-0.361669
-0.469599
-0.485868
-0.294643
-0.246691
3.398359
-0.359196
-0.011373
-0.589318
-0.475240
-0.259903
-0.408008
-0.454978
-0.568625
0.965293
-0.445753
-0.194112
-0.378711
-0.406734
-0.246697
-0.468499
-0.468326
-0.327713
-0.500929
1.655876
-0.497467
-0.646142
-0.538711
-0.354033
-0.424681
-0.377594
-0.640996
6.990961
-0.354502
-0.367117
-0.347466
-0.332710
-0.205791
-0.449285
-0.347280
-0.336193
-0.425477
-0.300150
-0.545216
2.637611
0.065381
-0.289836
-0.357188
-0.304398
-0.441374
-0.484735
11.537127
-0.178866
-0.133128
-0.485541
-0.512882
-0.311051
-0.394649
9.346201
-0.369549
-0.423225
-0.161841
-0.225614
-0.307844
-0.404172
-0.240148
5.885364
-0.473362
-0.312708
1.355814
-0.423626
12.015521
-0.251277
-0.306902
-0.302193
-0.428103
5.056329
-0.720116
1.201366
-0.329961
-0.533938
-0.186340
-0.471757
-0.067919
1.172146
-0.253856
-0.360818
-0.334474
-0.340559
-0.389514
-0.250531
-0.429590
5.339938
-0.342497
-0.496825
-0.031597
10.017023
-0.433122
-0.318246
-0.135652
-0.327515
1.949750
11.152127
2.562649
-0.429478
-0.538968
-0.603397
0.923560
-0.428905
-0.580648
-0.635035
-0.206520
-0.516953
-0.302467
-0.423085
-0.587129
-0.129242
-0.507247
-0.370607
-0.367855
-0.219455
-0.318133
2.608069
-0.261254
4.717323
3.419842
-0.504982
-0.292154
-0.361669
-0.469599
-0.485868
-0.294643
-0.246691
-0.147433
-0.359196
-0.293518
-0.589318
7.344736
-0.259903
-0.408008
3.763376
-0.568625
-0.470778
-0.445753
-0.194112
-0.378711
-0.406734
-0.246697
-0.468499
-0.468326
0.753163
-0.500929
8.871252
-0.497467
-0.646142
-0.538711
-0.354033
2.601403
-0.377594
-0.640996
1.340398
-0.354502
-0.367117
-0.347466
0.452816
-0.205791
-0.449285
-0.347280
-0.336193
-0.425477
-0.300150
-0.545216
7.021487
0.065381
-0.289836
-0.357188
-0.304398
-0.441374
-0.484735
7.653473
-0.178866
-0.133128
-0.485541
6.138858
-0.311051
-0.394649
-0.664873
-0.369549
-0.423225
-0.161841
-0.225614
-0.307844
-0.404172
-0.240148
-0.338103
-0.473362
-0.312708
-0.624787
-0.423626
-0.304784
-0.251277
-0.306902
-0.302193
0.630176
2.708203
-0.720116
5.268328
-0.329961
-0.533938
-0.186340
0.036534
-0.067919
7.111965
1.240485
-0.360818
-0.334474
-0.340559
2.080198
-0.250531
-0.429590
-0.529309
-0.342497
-0.496825
-0.031597
0.022869
-0.433122
-0.318246
-0.135652
-0.327515
-0.158746
11.764221
0.960786
-0.429478
-0.538968
1.044054
-0.429509
-0.428905
-0.580648
4.445695
-0.206520
-0.516953
-0.302467
4.524695
-0.587129
-0.129242
-0.507247
-0.370607
1.365160
-0.219455
-0.318133
0.865971
-0.261254
1.761823
-0.770090
-0.504982
-0.292154
-0.361669
-0.469599
-0.485868
-0.294643
-0.246691
-0.147433
-0.359196
-0.293518
5.392314
-0.475240
-0.259903
-0.408008
-0.454978
-0.568625
3.780535
-0.445753
-0.194112
-0.378711
-0.406734
-0.246697
-0.311749
-0.468326
4.012362
6.854187
-0.313912
-0.497467
-0.646142
1.577535
-0.354033
-0.424681
-0.377594
-0.640996
-0.429652
-0.354502
-0.367117
-0.347466
-0.332710
-0.205791
10.764845
-0.347280
-0.336193
-0.425477
-0.300150
4.609702
-0.477800
0.065381
0.744662
-0.357188
-0.304398
-0.441374
-0.484735
4.202135
-0.178866
-0.133128
-0.485541
-0.512882
-0.311051
-0.394649
-0.664873
-0.369549
-0.423225
-0.161841
-0.225614
-0.307844
-0.404172
-0.240148
1.153989
0.191942
-0.312708
5.069839
-0.423626
9.942268
-0.251277
-0.306902
1.798468
1.323106
4.977348
-0.720116
0.550284
-0.329961
3.157101
2.152096
-0.471757
-0.067919
-0.354472
2.232597
-0.360818
-0.334474
-0.340559
3.402929
-0.250531
5.540466
-0.529309
-0.342497
5.111036
-0.031597
-0.419758
6.362967
-0.318246
-0.135652
-0.327515
11.146043
11.934122
-0.593826
-0.429478
-0.538968
-0.603397
-0.526465
-0.428905
-0.580648
-0.635035
-0.206520
-0.516953
-0.302467
-0.423085
5.790672
-0.129242
-0.507247
-0.370607
1.738522
-0.219455
-0.318133
3.155241
-0.261254
1.168674
7.322267
-0.504982
-0.292154
-0.361669
-0.469599
-0.485868
-0.294643
-0.246691
-0.147433
-0.359196
-0.293518
10.396895
-0.475240
-0.259903
-0.408008
4.645510
1.341436
-0.470778
-0.445753
-0.194112
-0.378711
7.144111
-0.246697
-0.468499
6.560601
2.502261
10.085837
-0.313912
-0.497467
11.252081
0.347321
-0.354033
-0.424681
-0.377594
0.174280
1.593730
-0.354502
-0.367117
-0.347466
-0.332710
-0.205791
-0.449285
-0.347280
11.036022
-0.425477
-0.300150
1.567537
1.902859
0.065381
1.219543
-0.357188
-0.304398
-0.441374
4.158117
-0.536523
1.693950
-0.133128
1.238750
-0.512882
8.881962
-0.394649
2.428511
-0.369549
0.096386
-0.161841
6.322421
-0.307844
-0.404172
-0.240148
8.007881
2.430899
-0.312708
8.576413
-0.423626
-0.304784
-0.251277
3.301278
2.818974
3.278795
-0.641312
4.783688
-0.312927
-0.329961
10.652932
7.290519
-0.471757
1.303847
-0.354472
-0.253856
-0.360818
-0.334474
7.233954
6.537469
2.250007
-0.429590
-0.529309
-0.342497
-0.496825
-0.018940
-0.138840
10.185943
10.693109
6.401499
-0.327515
7.205545
2.300095
-0.593826
-0.429478
16.943047
1.386066
-0.526465
2.081856
-0.580648
-0.525990
-0.206520
-0.516953
-0.302467
1.348610
-0.587129
5.511456
-0.507247
-0.370607
0.506312
-0.219455
-0.318133
2.675197
-0.261254
2.182315
0.527505
-0.471044
2.146703
-0.361669
3.296828
-0.485868
-0.294643
-0.246691
4.699595
-0.359196
-0.293518
3.930232
12.765297
-0.259903
-0.408008
-0.454978
-0.498969
-0.470778
-0.445753
-0.194112
-0.378711
-0.406734
-0.246697
0.059160
-0.468326
-0.327713
0.645750
-0.313912
-0.497467
2.059495
-0.538711
-0.354033
-0.424681
-0.377594
0.741539
-0.037385
-0.354502
-0.367117
-0.347466
-0.332710
5.257779
-0.449285
2.746612
-0.336193
-0.425477
-0.300150
1.839851
-0.477800
0.065381
-0.289836
-0.357188
-0.304398
-0.441374
0.030865
-0.536523
-0.178866
-0.133128
-0.485541
-0.512882
6.321959
-0.394649
-0.065665
-0.369549
-0.356915
-0.161841
-0.225614
-0.307844
-0.404172
-0.240148
1.181030
-0.473362
2.405433
3.648683
-0.423626
-0.304784
-0.251277
-0.306902
-0.302193
-0.428103
-0.641312
0.158240
-0.312927
-0.329961
3.461977
0.488552
-0.471757
-0.067919
-0.354472
-0.253856
-0.360818
-0.334474
-0.340559
0.264359
-0.250531
-0.429590
-0.529309
-0.342497
-0.496825
1.468350
-0.419758
-0.433122
0.406007
-0.135652
-0.327515
0.107744
-0.480061
-0.593826
-0.429478
-0.538968
3.159872
-0.526465
1.181045
-0.580648
1.392522
-0.206520
-0.516953
-0.302467
-0.423085
0.075304
3.525507
-0.507247
-0.370607
-0.367855
-0.219455
-0.318133
-0.365177
-0.261254
-0.592998
-0.770090
-0.504982
-0.292154
-0.361669
-0.469599
-0.485868
-0.294643
-0.246691
-0.147433
-0.359196
-0.293518
-0.589318
0.541224
-0.259903
-0.408008
0.533290
-0.568625
-0.470778
0.764843
-0.194112
-0.378711
0.069155
-0.246697
1.085880
-0.468326
-0.327713
0.599028
1.190217
-0.497467
1.450953
-0.538711
-0.354033
-0.424681
-0.377594
-0.513624
1.336370
-0.354502
-0.367117
-0.347466
-0.332710
3.604878
-0.449285
3.926703
-0.336193
3.039897
-0.300150
1.537729
-0.477800
0.065381
-0.289836
0.032181
-0.304398
0.355004
1.154397
-0.536523
-0.178866
-0.133128
-0.485541
-0.512882
5.975070
-0.394649
-0.664873
1.295636
0.035812
-0.161841
0.050445
-0.307844
-0.404172
-0.240148
1.814821
-0.473362
1.611143
3.604838
-0.423626
-0.304784
-0.071236
-0.306902
-0.302193
-0.428103
-0.641312
2.589424
-0.312927
-0.329961
2.597802
0.665359
-0.471757
0.880397
-0.354472
-0.253856
-0.360818
-0.334474
-0.340559
0.026047
-0.250531
-0.429590
0.694468
-0.342497
-0.496825
2.915036
-0.419758
-0.433122
-0.318246
-0.135652
-0.327515
-0.400508
-0.480061
-0.593826
-0.429478
-0.538968
2.943182
-0.526465
1.004586
-0.580648
1.276573
-0.206520
-0.516953
-0.302467
0.289999
0.144154
3.224420
-0.507247
-0.370607
-0.367855
-0.219455
-0.318133
-0.365177
-0.261254
-0.592998
-0.770090
-0.504982
-0.292154
-0.361669
4.340315
-0.275311
-0.294643
-0.246691
0.200683
1.713764
-0.293518
-0.589318
0.840345
-0.259903
-0.408008
-0.454978
-0.568625
-0.470778
1.309601
-0.194112
-0.378711
-0.406734
0.187131
-0.468499
-0.468326
-0.327713
-0.500929
-0.313912
0.593850
4.481681
2.666504
2.745687
-0.424681
-0.377594
2.546300
-0.429652
2.953445
-0.367117
-0.347466
-0.332710
3.514661
-0.449285
8.121608
-0.336193
0.114663
-0.300150
1.502445
0.868998
0.065381
-0.289836
0.351275
-0.304398
-0.441374
-0.484735
3.312007
4.609204
2.316357
0.280388
-0.512882
4.680052
3.113674
4.518882
-0.369549
4.819685
-0.161841
4.013474
-0.307844
-0.404172
2.104320
0.530919
2.261470
1.229337
5.789097
2.290389
-0.304784
8.186412
-0.306902
1.845676
1.290153
-0.641312
0.140920
0.915115
-0.329961
5.091951
0.811164
-0.471757
6.318956
-0.354472
-0.253856
4.642184
-0.334474
6.691681
1.542328
6.681400
1.175647
-0.529309
1.187226
-0.496825
16.859051
-0.160665
-0.433122
-0.318246
-0.135652
-0.327515
0.230990
-0.094176
-0.593826
-0.429478
2.635072
5.160381
-0.526465
2.779682
1.791525
5.159832
-0.206520
-0.516953
-0.302467
1.559566
0.387236
-0.129242
1.152179
-0.370607
-0.367855
-0.219455
-0.318133
-0.365177
-0.261254
0.913566
0.296585
-0.504982
-0.292154
-0.361669
-0.469599
-0.485868
-0.294643
3.251323
14.834681
-0.359196
-0.293518
1.284711
0.543224
-0.259903
-0.408008
-0.454978
-0.126541
-0.470778
3.532336
-0.194112
-0.378711
3.756373
-0.246697
-0.468499
-0.468326
-0.327713
-0.500929
-0.313912
-0.497467
-0.646142
6.243345
-0.354033
-0.424681
-0.377594
-0.296253
-0.429652
-0.354502
-0.367117
-0.347466
-0.332710
-0.205791
3.335279
4.686996
-0.336193
12.577625
-0.300150
-0.058066
-0.477800
0.065381
6.024665
7.361406
-0.304398
0.985171
-0.484735
13.900902
1.025341
-0.133128
2.631474
-0.512882
-0.311051
-0.394649
-0.664873
-0.369549
0.208643
-0.161841
-0.225614
-0.307844
3.966031
-0.240148
0.013623
-0.473362
-0.312708
-0.386803
-0.423626
-0.304784
-0.251277
-0.306902
-0.302193
-0.428103
-0.641312
3.938679
2.563494
-0.329961
4.856343
-0.186340
-0.471757
-0.067919
3.787307
-0.253856
-0.360818
-0.334474
-0.340559
-0.389514
-0.250531
-0.429590
4.741225
-0.342497
-0.496825
-0.031597
1.230474
-0.433122
-0.318246
-0.135652
-0.327515
-0.714810
10.205420
3.441330
-0.429478
-0.538968
-0.603397
-0.526465
-0.428905
-0.580648
0.459518
-0.206520
7.147899
-0.302467
12.895117
0.406390
-0.129242
-0.507247
-0.370607
3.923950
-0.219455
-0.318133
-0.365177
-0.261254
-0.592998
-0.770090
-0.504982
4.023189
5.456128
-0.469599
-0.485868
-0.294643
7.339412
7.519925
2.850808
-0.293518
-0.589318
-0.475240
-0.259903
-0.408008
-0.454978
-0.568625
-0.470778
-0.445753
-0.194112
-0.378711
-0.406734
-0.246697
-0.468499
-0.468326
-0.327713
-0.500929
-0.313912
-0.497467
-0.646142
-0.538711
-0.354033
0.676942
-0.377594
-0.640996
3.184933
-0.354502
-0.367117
-0.347466
0.442328
-0.205791
0.741550
-0.347280
-0.336193
-0.425477
-0.300150
2.352269
3.495273
0.065381
1.083426
-0.357188
-0.304398
-0.441374
-0.484735
11.789974
-0.178866
-0.133128
-0.485541
0.394408
-0.311051
-0.394649
6.080796
-0.369549
1.299994
-0.161841
-0.225614
-0.307844
-0.404172
-0.240148
7.453259
-0.473362
-0.312708
-0.624787
-0.423626
3.193732
-0.251277
-0.306902
-0.302193
-0.428103
4.531475
3.647815
-0.312927
-0.329961
-0.533938
-0.186340
-0.471757
-0.067919
1.228004
-0.253856
-0.360818
-0.334474
-0.340559
-0.389514
-0.250531
-0.429590
4.676102
-0.342497
-0.496825
-0.031597
3.952712
-0.433122
-0.318246
-0.135652
-0.327515
3.977610
9.292099
5.148848
-0.429478
-0.538968
-0.603397
-0.264994
-0.428905
-0.580648
-0.635035
-0.206520
-0.516953
-0.302467
0.991874
2.581705
-0.129242
-0.507247
-0.370607
0.783438
-0.219455
-0.318133
-0.365177
-0.261254
5.231518
0.830242
-0.504982
-0.292154
2.172916
-0.469599
-0.485868
-0.294643
-0.246691
-0.147433
-0.359196
-0.293518
-0.033651
0.472843
-0.259903
-0.408008
1.901504
0.767396
-0.470778
-0.445753
-0.194112
-0.378711
-0.406734
-0.246697
-0.468499
-0.468326
-0.259483
-0.500929
-0.313912
-0.497467
-0.646142
1.314102
-0.354033
4.585970
-0.377594
-0.640996
2.918046
-0.354502
-0.367117
-0.347466
1.866089
-0.205791
6.712711
-0.347280
-0.336193
-0.425477
-0.300150
-0.545216
13.409072
0.065381
-0.289836
-0.357188
-0.304398
-0.441374
0.736822
13.464943
-0.178866
-0.133128
-0.485541
-0.512882
-0.311051
-0.394649
-0.664873
-0.369549
-0.423225
-0.161841
-0.225614
-0.307844
-0.404172
-0.240148
-0.630287
-0.473362
-0.312708
-0.624787
-0.423626
-0.304784
-0.251277
-0.306902
-0.302193
-0.143561
3.969684
-0.720116
2.583065
-0.329961
-0.533938
-0.186340
4.602600
-0.067919
3.670136
-0.253856
-0.360818
-0.334474
-0.340559
1.425093
-0.250531
-0.429590
1.977891
-0.342497
-0.496825
-0.031597
-0.419758
-0.433122
-0.318246
-0.135652
-0.327515
0.977984
14.886404
2.077950
-0.429478
-0.538968
-0.603397
4.036504
-0.428905
-0.580648
-0.635035
1.520269
-0.516953
-0.302467
-0.250567
-0.082276
-0.129242
-0.507247
-0.370607
-0.267679
-0.219455
-0.318133
0.184447
-0.261254
7.247317
1.749058
-0.504982
3.474959
-0.361669
-0.469599
-0.485868
-0.294643
-0.246691
-0.147433
-0.359196
-0.293518
6.236772
-0.475240
-0.259903
-0.408008
-0.454978
-0.568625
6.551610
-0.445753
-0.194112
-0.378711
-0.406734
-0.246697
-0.468499
-0.468326
2.881954
10.518709
-0.313912
-0.497467
-0.646142
4.710178
-0.354033
-0.424681
-0.377594
-0.640996
-0.429652
-0.354502
-0.367117
-0.347466
-0.332710
-0.205791
5.873963
-0.347280
-0.336193
-0.425477
-0.300150
4.878107
-0.477800
0.065381
4.728840
-0.357188
-0.304398
-0.441374
0.123898
9.727603
-0.178866
-0.133128
-0.485541
-0.512882
-0.311051
-0.394649
-0.664873
-0.369549
-0.423225
-0.161841
-0.225614
-0.307844
-0.404172
-0.240148
-0.630287
-0.473362
-0.312708
-0.495275
-0.423626
-0.304784
-0.251277
-0.306902
3.159033
5.573536
4.108460
-0.720116
2.743405
-0.329961
6.208643
-0.186340
5.675785
-0.067919
-0.354472
3.736918
-0.360818
-0.334474
-0.340559
1.561905
-0.250531
8.522048
-0.529309
0.454622
8.777254
-0.031597
-0.419758
11.318264
-0.318246
-0.135652
-0.327515
11.215759
12.537992
-0.593826
-0.429478
-0.538968
-0.603397
1.622476
-0.428905
-0.580648
-0.635035
-0.206520
-0.516953
-0.302467
-0.423085
-0.587129
-0.129242
-0.507247
-0.370607
3.404476
-0.219455
-0.318133
0.747963
-0.261254
4.622523
10.910111
-0.504982
-0.292154
-0.361669
-0.469599
-0.485868
-0.294643
-0.246691
-0.147433
-0.359196
-0.293518
15.121564
-0.475240
-0.259903
-0.408008
1.672072
0.571835
-0.373402
-0.445753
-0.194112
-0.378711
6.952538
-0.246697
-0.468499
9.675284
1.497118
14.906714
-0.313912
-0.497467
11.661479
-0.079765
-0.354033
-0.424681
-0.377594
0.131344
2.022957
-0.354502
-0.367117
-0.347466
-0.332710
-0.205791
-0.449285
-0.347280
16.027767
-0.425477
-0.300150
0.045211
5.224151
0.065381
0.230578
-0.357188
-0.304398
-0.441374
3.613525
-0.536523
3.796146
1.010327
2.616620
-0.512882
7.341634
-0.394649
-0.504308
-0.369549
-0.423225
-0.161841
6.153831
-0.307844
-0.404172
-0.240148
6.946498
-0.473362
0.028213
4.568949
-0.423626
-0.304784
-0.251277
5.451700
2.928742
3.184086
-0.641312
2.730244
-0.029913
-0.329961
12.364341
9.701069
-0.471757
0.848537
-0.354472
-0.253856
-0.360818
-0.334474
7.040126
6.235202
4.904544
0.440872
-0.529309
-0.342497
-0.496825
-0.031597
1.042021
12.635131
14.867455
7.116311
-0.327515
11.776680
3.645484
-0.593826
-0.429478
20.703650
0.233839
-0.526465
3.807811
-0.580648
-0.635035
-0.206520
-0.516953
-0.302467
0.494236
-0.559048
7.963963
-0.507247
-0.370607
3.041536
-0.219455
-0.318133
2.425359
1.346849
0.680340
1.855456
1.233560
1.050181
0.247324
3.423278
-0.485868
-0.294643
-0.246691
3.873269
-0.359196
-0.293518
7.528265
12.445415
-0.259903
-0.408008
-0.454978
-0.531991
-0.470778
-0.445753
-0.194112
-0.378711
-0.406734
-0.246697
0.063062
-0.468326
-0.327713
0.913565
-0.313912
-0.497467
2.051171
-0.538711
-0.354033
-0.424681
-0.377594
0.730855
0.049144
-0.354502
-0.367117
-0.347466
-0.332710
5.372083
-0.449285
2.746612
-0.336193
-0.425477
-0.300150
1.815729
-0.477800
0.065381
-0.289836
-0.357188
-0.304398
-0.441374
0.257333
-0.536523
-0.178866
-0.133128
-0.485541
-0.512882
6.200759
-0.394649
-0.065665
-0.369549
-0.283272
-0.161841
0.172996
-0.307844
-0.404172
-0.240148
1.084096
-0.473362
2.392833
3.624290
-0.423626
-0.304784
-0.251277
-0.306902
-0.302193
-0.428103
-0.641312
0.332765
-0.312927
-0.329961
3.638886
1.022959
-0.471757
-0.067919
-0.354472
-0.253856
-0.360818
-0.334474
-0.340559
0.294048
-0.250531
-0.429590
-0.529309
-0.342497
-0.496825
1.472213
-0.419758
-0.433122
0.395972
-0.135652
-0.327515
0.096240
-0.480061
-0.593826
-0.429478
-0.538968
3.064726
-0.526465
1.260736
-0.580648
1.363842
-0.206520
-0.516953
-0.302467
-0.423085
0.060421
3.829927
-0.507247
-0.370607
-0.367855
-0.219455
-0.318133
-0.365177
-0.261254
-0.592998
-0.770090
-0.504982
-0.292154
-0.361669
-0.469599
-0.485868
-0.294643
-0.246691
-0.147433
-0.359196
-0.293518
-0.589318
0.539660
-0.259903
-0.408008
0.533290
-0.568625
-0.470778
0.764843
-0.194112
-0.378711
0.069155
-0.246697
1.085880
-0.468326
-0.327713
0.599028
1.190217
-0.497467
1.450953
-0.538711
-0.354033
-0.424681
-0.377594
-0.513624
1.336370
-0.354502
-0.367117
-0.347466
-0.332710
3.604878
-0.449285
3.926703
-0.336193
3.039897
-0.300150
1.537729
-0.477800
0.065381
-0.289836
0.032181
-0.304398
0.355004
1.154397
-0.536523
-0.178866
-0.133128
-0.485541
-0.512882
5.975070
-0.394649
-0.664873
1.295636
0.035812
-0.161841
0.050445
-0.307844
-0.404172
-0.240148
1.814821
-0.473362
1.611143
3.604838
-0.423626
-0.304784
-0.071236
-0.306902
-0.302193
-0.428103
-0.641312
2.589424
-0.312927
-0.329961
2.597802
0.665359
-0.471757
0.880397
-0.354472
-0.253856
-0.360818
-0.334474
-0.340559
0.026047
-0.250531
-0.429590
0.694468
-0.342497
-0.496825
2.915036
-0.419758
-0.433122
-0.318246
-0.135652
-0.327515
-0.400508
-0.480061
-0.593826
-0.429478
-0.538968
2.943182
-0.526465
1.004586
-0.580648
1.276573
-0.206520
-0.516953
-0.302467
0.289999
0.144154
3.224420
-0.507247
-0.370607
-0.367855
-0.219455
-0.318133
-0.365177
-0.261254
-0.592998
-0.770090
-0.504982
-0.292154
-0.361669
4.340315
-0.275311
-0.294643
-0.246691
0.200683
1.713764
-0.293518
-0.589318
0.840345
-0.259903
-0.408008
-0.454978
1.259967
-0.470778
7.482638
-0.194112
-0.378711
-0.406734
-0.246697
-0.468499
-0.468326
-0.327713
-0.500929
-0.313912
2.321777
6.059115
4.360726
-0.354033
0.709319
-0.377594
1.014059
-0.429652
-0.354502
-0.367117
-0.347466
-0.332710
-0.205791
-0.449285
3.517615
-0.336193
-0.425477
-0.300150
0.573244
-0.477800
0.065381
-0.289836
6.409462
-0.304398
-0.441374
-0.484735
5.656700
4.918023
-0.133128
3.385359
-0.512882
-0.311051
0.046229
0.426402
-0.369549
-0.423225
-0.161841
-0.225614
-0.307844
5.548460
-0.240148
-0.630287
3.392046
-0.312708
0.903458
-0.423626
-0.304784
-0.251277
-0.306902
-0.252547
-0.428103
-0.641312
-0.720116
-0.312927
-0.329961
2.928770
-0.186340
-0.471757
-0.067919
0.519199
-0.253856
3.901634
-0.334474
0.535937
1.325302
-0.250531
0.663364
-0.529309
1.844459
-0.496825
2.688843
-0.419758
-0.433122
-0.318246
-0.135652
-0.327515
0.399035
6.695604
-0.593826
-0.429478
-0.538968
1.632602
-0.526465
-0.428905
2.094353
-0.346919
-0.206520
4.864552
-0.302467
6.780886
4.093438
-0.129242
2.849535
-0.370607
-0.367855
-0.219455
-0.318133
-0.365177
-0.261254
-0.592998
-0.770090
-0.504982
4.269316
-0.087267
-0.469599
-0.485868
1.478811
10.663044
10.967617
6.756402
-0.293518
-0.589318
-0.475240
-0.259903
-0.408008
-0.454978
0.171436
-0.470778
0.924178
-0.194112
-0.378711
1.056149
-0.246697
-0.339721
-0.468326
-0.327713
2.768334
-0.197914
4.767479
1.819613
-0.538711
-0.354033
1.485189
-0.377594
-0.640996
-0.429652
-0.354502
-0.367117
-0.347466
-0.332710
-0.205791
6.324999
9.452250
-0.336193
3.616238
-0.300150
-0.183671
-0.477800
0.065381
7.899029
5.620778
-0.304398
-0.441374
1.528520
12.187240
1.855816
-0.133128
-0.485541
-0.512882
-0.311051
-0.394649
-0.664873
-0.369549
-0.104039
6.758694
-0.225614
-0.307844
-0.404172
-0.240148
-0.630287
-0.473362
-0.312708
-0.148290
-0.423626
-0.304784
-0.251277
-0.306902
-0.302193
-0.428103
0.785677
2.221549
2.510914
-0.329961
-0.533938
-0.186340
-0.000072
-0.067919
0.136553
-0.253856
-0.360818
-0.334474
-0.340559
0.708684
-0.250531
-0.429590
1.976703
-0.342497
-0.496825
-0.031597
3.374619
-0.433122
-0.318246
-0.135652
-0.327515
-0.565856
10.911466
4.297559
-0.429478
-0.538968
-0.163390
0.215880
-0.428905
-0.580648
-0.501513
-0.206520
6.295972
-0.302467
12.522873
-0.587129
-0.129242
-0.507247
-0.370607
3.479929
-0.219455
-0.318133
-0.365177
-0.261254
0.987070
0.986081
-0.504982
-0.292154
5.785204
2.207997
-0.485868
-0.294643
-0.246691
-0.147433
8.816669
-0.293518
-0.589318
-0.475240
-0.259903
-0.408008
-0.454978
1.122257
-0.470778
-0.445753
-0.194112
-0.378711
-0.406734
-0.246697
-0.468499
-0.468326
8.903601
-0.500929
-0.313912
5.302168
-0.646142
-0.538711
-0.354033
4.395281
-0.377594
-0.640996
-0.429652
-0.354502
-0.367117
-0.347466
4.735987
-0.205791
0.095485
-0.347280
-0.336193
-0.425477
-0.300150
-0.545216
2.025369
0.065381
-0.289836
-0.357188
-0.304398
-0.441374
-0.484735
-0.536523
-0.178866
-0.133128
-0.485541
7.114737
-0.311051
-0.394649
-0.664873
-0.369549
-0.423225
-0.161841
-0.225614
6.425162
-0.404172
-0.240148
3.858662
-0.473362
-0.312708
0.608767
-0.423626
7.643609
-0.251277
-0.306902
-0.302193
-0.428103
3.549934
4.955244
-0.312927
-0.329961
-0.533938
-0.186340
-0.471757
-0.067919
-0.354472
-0.253856
-0.360818
-0.334474
-0.340559
-0.389514
-0.250531
-0.429590
1.760170
-0.342497
0.381281
-0.031597
2.601038
-0.433122
-0.318246
2.073783
-0.327515
0.206339
0.641255
3.536314
-0.429478
-0.538968
3.980318
-0.526465
-0.428905
0.885650
-0.635035
-0.206520
-0.516953
-0.302467
-0.423085
5.494673
-0.129242
-0.507247
-0.370607
1.866856
-0.219455
-0.318133
0.469166
-0.261254
2.464373
2.732414
-0.504982
-0.292154
-0.162968
-0.469599
-0.485868
-0.294643
-0.246691
-0.147433
-0.359196
-0.293518
-0.589318
0.209405
-0.259903
-0.408008
-0.454978
0.595836
-0.470778
-0.445753
-0.194112
-0.378711
-0.406734
-0.246697
-0.468499
-0.468326
1.551399
-0.500929
9.689418
-0.497467
-0.646142
0.574050
-0.354033
3.345104
-0.377594
-0.640996
3.036099
-0.354502
2.435050
-0.347466
5.817028
-0.205791
1.522416
-0.347280
-0.336193
-0.425477
-0.300150
-0.545216
10.339991
0.065381
-0.289836
-0.357188
-0.304398
-0.441374
-0.484735
1.369784
-0.178866
-0.133128
-0.485541
6.155330
-0.311051
-0.394649
-0.664873
-0.369549
0.271690
-0.161841
-0.225614
-0.307844
-0.404172
-0.240148
3.876149
-0.473362
-0.312708
-0.624787
-0.423626
1.214382
-0.251277
-0.306902
-0.302193
-0.428103
2.821734
-0.720116
-0.312927
-0.329961
-0.533938
-0.186340
-0.471757
-0.067919
-0.354472
-0.253856
-0.360818
-0.334474
0.850097
-0.389514
-0.250531
-0.429590
2.639928
-0.342497
-0.496825
-0.031597
5.121093
-0.433122
-0.318246
0.969693
-0.327515
-0.714810
9.023528
5.117137
-0.429478
-0.538968
1.554091
2.938113
-0.428905
-0.580648
2.612407
-0.206520
4.316698
-0.302467
3.439489
-0.587129
-0.129242
-0.507247
-0.370607
0.707674
-0.219455
-0.318133
1.211526
-0.261254
5.299195
0.289948
-0.504982
-0.292154
-0.361669
-0.469599
-0.485868
-0.294643
-0.246691
-0.147433
-0.359196
-0.293518
2.143825
-0.475240
-0.259903
-0.408008
-0.454978
-0.568625
8.769042
-0.445753
-0.194112
-0.378711
-0.406734
-0.246697
-0.468499
-0.468326
6.261040
3.936616
-0.313912
-0.497467
-0.646142
4.983845
-0.354033
-0.424681
-0.377594
-0.640996
-0.429652
-0.354502
-0.367117
-0.347466
-0.332710
-0.205791
14.186857
-0.347280
0.478071
-0.425477
-0.300150
4.911238
-0.477800
0.065381
6.091029
-0.357188
-0.304398
-0.441374
-0.484735
10.710687
-0.178866
-0.133128
-0.485541
-0.512882
-0.311051
-0.394649
-0.664873
-0.369549
-0.423225
-0.161841
-0.225614
-0.307844
-0.404172
-0.240148
-0.215752
7.101868
-0.312708
5.064405
-0.423626
7.253625
-0.251277
-0.306902
2.984442
6.899930
6.129435
-0.720116
1.818588
-0.329961
-0.533938
1.925975
-0.471757
-0.067919
-0.354472
-0.253856
-0.360818
-0.334474
-0.340559
1.354509
-0.250531
4.533090
-0.529309
-0.342497
4.995915
-0.031597
-0.419758
4.703131
-0.318246
-0.135652
-0.327515
11.216363
11.676971
2.166868
-0.429478
-0.538968
-0.603397
-0.526465
-0.183219
-0.580648
-0.635035
-0.206520
-0.516953
-0.302467
-0.423085
2.901622
-0.129242
-0.507247
-0.370607
3.223209
-0.219455
-0.318133
5.469010
-0.261254
4.067805
11.909948
-0.504982
-0.292154
-0.361669
-0.469599
-0.485868
-0.294643
-0.246691
-0.147433
-0.359196
-0.293518
7.297098
-0.475240
-0.259903
-0.408008
1.365632
1.714228
0.409934
-0.445753
-0.194112
-0.378711
8.666046
-0.246697
-0.468499
8.200890
3.823630
15.266981
-0.313912
-0.497467
10.321347
-0.538711
-0.354033
-0.424681
-0.377594
1.741502
1.495437
-0.354502
-0.367117
-0.347466
-0.332710
-0.205791
-0.449285
-0.347280
18.313969
-0.425477
-0.300150
1.049140
4.324872
0.065381
3.651418
-0.357188
-0.304398
-0.441374
4.260247
-0.536523
2.786148
-0.133128
2.125000
-0.512882
5.021359
-0.394649
1.633470
-0.369549
1.380898
-0.161841
4.345859
-0.307844
-0.404172
-0.240148
7.701237
-0.473362
-0.312708
9.831221
-0.423626
-0.304784
-0.251277
6.522860
2.983787
6.136017
-0.641312
3.292812
-0.312927
-0.329961
11.426547
4.827622
-0.471757
-0.067919
-0.354472
-0.253856
-0.360818
-0.334474
6.658505
9.219213
4.340635
-0.253587
-0.529309
-0.342497
-0.496825
-0.031597
-0.419758
8.245206
13.669508
8.105765
-0.327515
11.023791
4.260542
-0.593826
-0.429478
19.651258
-0.473436
-0.526465
2.233111
-0.580648
-0.340918
-0.206520
-0.516953
-0.302467
-0.107652
-0.587129
1.778430
-0.507247
-0.370607
1.361342
-0.219455
-0.318133
-0.101014
-0.261254
1.584275
2.545882
-0.504982
0.638014
-0.361669
4.346299
-0.485868
-0.294643
-0.246691
2.979111
-0.359196
-0.293518
6.403278
11.652277
-0.259903
-0.408008
-0.454978
-0.453736
-0.470778
-0.445753
-0.194112
-0.378711
-0.406734
-0.246697
0.149400
-0.468326
-0.327713
1.935119
-0.313912
-0.497467
2.195717
-0.538711
-0.354033
-0.424681
-0.377594
0.948871
0.227193
-0.354502
-0.367117
-0.347466
-0.332710
5.474826
-0.449285
2.662880
-0.336193
-0.425477
-0.300150
1.808652
-0.477800
0.065381
-0.289836
-0.357188
-0.304398
-0.441374
0.456227
-0.536523
-0.178866
-0.133128
-0.485541
-0.512882
6.090205
-0.394649
-0.099881
-0.369549
-0.267607
-0.161841
2.759453
-0.307844
-0.404172
-0.240148
1.051583
-0.473362
2.368940
3.605940
-0.423626
-0.304784
-0.251277
-0.306902
-0.302193
-0.428103
-0.641312
0.658729
-0.312927
-0.329961
4.249722
2.617424
-0.471757
-0.067919
-0.354472
-0.253856
-0.360818
-0.334474
-0.340559
0.238173
-0.250531
-0.429590
-0.529309
-0.342497
-0.496825
1.397783
-0.419758
-0.433122
1.811811
-0.135652
-0.327515
0.467959
-0.480061
-0.593826
-0.429478
-0.538968
3.377764
-0.526465
1.290467
-0.580648
1.343139
-0.206520
-0.516953
-0.302467
-0.423085
0.048818
4.323664
-0.507247
-0.370607
-0.367855
-0.219455
-0.318133
-0.365177
-0.261254
-0.592998
-0.770090
-0.504982
-0.292154
-0.361669
-0.469599
-0.485868
-0.294643
-0.246691
-0.147433
-0.359196
-0.293518
0.095437
0.683546
-0.259903
-0.408008
0.533290
-0.568625
-0.470778
0.764843
-0.194112
-0.378711
0.069155
-0.246697
1.085880
-0.468326
-0.327713
0.599028
1.190217
-0.497467
1.450953
-0.538711
-0.354033
-0.424681
-0.377594
-0.513624
1.336370
-0.354502
-0.367117
-0.347466
-0.332710
3.604878
-0.449285
3.926703
-0.336193
3.039897
-0.300150
1.537729
-0.477800
0.065381
-0.289836
0.032181
-0.304398
0.355004
1.154397
-0.536523
-0.178866
-0.133128
-0.485541
-0.512882
5.975070
-0.394649
-0.664873
1.295636
0.035812
-0.161841
0.050445
-0.307844
-0.404172
-0.240148
1.814821
-0.473362
1.611143
3.604838
-0.423626
-0.304784
-0.071236
-0.306902
-0.302193
-0.428103
-0.641312
2.589424
-0.312927
-0.329961
2.597802
0.665359
-0.471757
0.880397
-0.354472
-0.253856
-0.360818
-0.334474
-0.340559
0.026047
-0.250531
-0.429590
0.694468
-0.342497
-0.496825
2.915036
-0.419758
-0.433122
-0.318246
-0.135652
-0.327515
-0.400508
-0.480061
-0.593826
-0.429478
-0.538968
2.943182
-0.526465
1.004586
-0.580648
1.276573
-0.206520
-0.516953
-0.302467
0.289999
0.144154
3.224420
-0.507247
-0.370607
-0.367855
-0.219455
-0.318133
-0.365177
-0.261254
-0.592998
-0.770090
-0.504982
-0.292154
-0.361669
4.340315
-0.275311
-0.294643
-0.246691
0.200683
1.713764
-0.293518
-0.589318
0.840345
-0.094270
-0.408008
-0.454978
-0.568625
-0.470778
4.396084
6.193223
-0.378711
-0.406734
-0.246697
2.731649
-0.468326
-0.327713
-0.500929
-0.313912
-0.497467
1.994197
0.869031
-0.354033
4.413631
-0.377594
2.562119
-0.429652
-0.354502
-0.367117
-0.347466
-0.332710
-0.205791
-0.449285
2.430016
-0.336193
-0.425477
-0.300150
-0.545216
-0.066136
0.065381
0.448345
13.639692
-0.304398
-0.441374
0.522937
2.587729
3.771545
-0.133128
0.449061
-0.512882
-0.311051
-0.394649
0.636637
0.302453
-0.423225
-0.161841
-0.225614
-0.307844
4.353312
-0.240148
-0.630287
-0.473362
0.893910
-0.624787
-0.423626
3.241708
-0.251277
-0.306902
-0.302193
0.269194
-0.487704
-0.720116
-0.312927
-0.329961
-0.533938
-0.186340
2.724859
-0.067919
-0.354472
-0.248576
-0.360818
1.258797
-0.340559
-0.252568
-0.250531
-0.429590
-0.529309
-0.342497
-0.496825
-0.031597
0.581528
-0.433122
-0.318246
-0.135652
-0.327515
-0.714810
5.690742
2.103817
-0.429478
-0.538968
1.723290
0.045009
-0.428905
1.337751
-0.216293
-0.206520
9.334084
-0.302467
6.880610
-0.587129
-0.129242
1.743397
-0.370607
-0.277357
-0.219455
-0.318133
-0.365177
0.045194
-0.338920
-0.770090
-0.504982
-0.292154
1.615479
2.371956
0.834704
2.019333
-0.246691
-0.147433
2.737491
-0.293518
-0.589318
-0.475240
-0.259903
1.230970
1.199368
0.134422
-0.470778
-0.445753
-0.194112
-0.378711
-0.406734
-0.246697
0.426202
0.205907
-0.327713
-0.500929
-0.313912
5.928179
-0.646142
-0.538711
-0.354033
7.449484
1.181863
2.811246
1.276787
0.495124
-0.367117
-0.347466
-0.332710
-0.205791
-0.449285
-0.347280
-0.336193
-0.425477
-0.300150
-0.418176
3.946162
0.065381
-0.289836
6.907744
-0.304398
-0.441374
1.590305
-0.536523
-0.178866
-0.133128
-0.485541
0.148879
-0.311051
-0.394649
-0.664873
-0.369549
-0.423225
4.093139
-0.225614
-0.307844
-0.404172
-0.240148
3.597377
1.503958
-0.312708
-0.031104
-0.423626
5.440193
-0.251277
-0.306902
-0.302193
6.095791
2.499366
0.025738
-0.312927
-0.329961
-0.533938
-0.186340
5.098302
-0.067919
-0.354472
-0.253856
-0.360818
-0.334474
-0.340559
-0.389514
-0.250531
-0.429590
1.757573
-0.342497
0.092515
-0.031597
-0.419758
-0.433122
-0.318246
-0.135652
-0.327515
-0.228052
6.815338
4.379231
-0.429478
-0.538968
3.806423
0.194746
-0.428905
-0.580648
-0.121843
-0.206520
-0.516953
-0.302467
-0.423085
2.917620
-0.129242
-0.507247
-0.370607
-0.367855
-0.219455
-0.318133
2.749018
-0.261254
1.436128
-0.770090
-0.504982
-0.292154
-0.361669
6.296531
-0.485868
-0.294643
-0.246691
-0.147433
-0.359196
-0.293518
-0.589318
-0.475240
-0.259903
0.923266
-0.454978
-0.568625
-0.470778
1.640867
-0.194112
-0.378711
-0.406734
-0.246697
-0.468499
-0.076875
1.850546
-0.500929
0.663488
-0.497467
-0.646142
-0.538711
-0.354033
2.000322
-0.377594
4.269844
0.585758
4.105823
-0.367117
-0.347466
-0.332710
-0.205791
4.836996
-0.347280
-0.013510
-0.425477
-0.300150
-0.489911
2.930254
0.065381
-0.289836
-0.357188
-0.304398
1.519081
-0.484735
6.008735
-0.178866
-0.133128
-0.485541
3.464584
-0.311051
-0.394649
-0.664873
0.373538
0.999395
-0.161841
-0.225614
5.411428
-0.404172
-0.240148
2.782230
-0.473362
-0.312708
2.117022
-0.423626
1.110901
-0.251277
-0.306902
-0.302193
2.417272
4.595846
-0.720116
3.920162
-0.329961
-0.263972
-0.186340
3.238062
-0.067919
2.509538
-0.253856
-0.360818
-0.334474
-0.340559
-0.389514
-0.250531
-0.429590
5.405728
-0.342497
-0.496825
-0.031597
0.337414
-0.433122
-0.318246
-0.135652
-0.327515
0.716801
7.170283
1.835840
-0.429478
4.403678
2.058239
-0.526465
-0.428905
-0.580648
-0.635035
-0.206520
-0.516953
-0.302467
-0.423085
-0.587129
-0.129242
-0.507247
-0.370607
-0.071279
-0.219455
-0.318133
1.148785
-0.261254
2.235536
-0.133752
-0.504982
-0.292154
-0.361669
-0.469599
5.990152
-0.294643
-0.246691
-0.147433
-0.359196
-0.293518
0.061030
1.510523
-0.259903
-0.408008
-0.454978
-0.568625
-0.470778
-0.063937
-0.194112
-0.378711
-0.406734
-0.246697
-0.468499
-0.468326
0.183395
-0.500929
6.921396
-0.497467
-0.646142
1.197529
-0.354033
0.886486
-0.377594
1.455801
3.386459
-0.354502
2.127690
-0.347466
0.717192
-0.205791
2.700222
-0.347280
-0.336193
3.848786
-0.300150
-0.545216
7.909328
0.065381
-0.289836
-0.357188
-0.304398
-0.441374
-0.484735
21.820492
-0.178866
-0.133128
-0.485541
4.501480
-0.311051
1.680005
-0.664873
-0.369549
0.474200
-0.161841
-0.225614
-0.307844
-0.404172
-0.240148
1.816713
-0.473362
-0.312708
-0.624787
-0.423626
-0.304784
-0.251277
-0.306902
-0.302193
-0.428103
2.853113
5.466400
-0.195689
0.086627
-0.533938
-0.186340
-0.471757
-0.067919
4.571115
-0.253856
8.004831
6.546714
1.946890
-0.389514
5.478830
-0.429590
-0.529309
-0.342497
-0.496825
-0.031597
2.411297
-0.433122
-0.318246
-0.135652
-0.327515
-0.714810
12.045181
4.168599
-0.429478
-0.538968
-0.603397
2.509744
-0.428905
-0.580648
4.569152
0.871792
0.477273
-0.302467
-0.115644
-0.587129
-0.129242
-0.507247
-0.370607
-0.367855
-0.219455
-0.318133
-0.365177
-0.261254
7.539401
-0.770090
-0.504982
-0.292154
-0.361669
-0.469599
-0.485868
-0.294643
-0.246691
-0.147433
-0.359196
-0.293518
0.686222
-0.475240
-0.259903
-0.408008
-0.454978
10.074964
-0.470778
-0.445753
-0.194112
-0.378711
1.804336
-0.246697
-0.468499
-0.468326
-0.327713
5.985777
-0.313912
2.060273
-0.646142
1.913142
-0.354033
-0.424681
-0.377594
-0.640996
3.886723
-0.354502
-0.367117
-0.347466
-0.332710
-0.205791
10.320439
-0.347280
-0.336193
-0.425477
-0.300150
2.353537
6.983349
0.065381
4.117397
-0.357188
-0.304398
1.598238
-0.484735
15.230353
-0.178866
-0.133128
-0.485541
-0.512882
-0.311051
-0.394649
-0.664873
-0.369549
0.477844
-0.161841
-0.225614
-0.307844
-0.404172
-0.240148
-0.630287
2.002169
-0.312708
-0.524012
-0.423626
-0.304784
-0.251277
-0.306902
2.982595
-0.428103
3.595850
-0.720116
-0.312927
-0.329961
2.365921
-0.186340
-0.471757
-0.067919
-0.354472
-0.253856
-0.360818
-0.334474
-0.340559
-0.389514
-0.250531
3.898985
-0.529309
3.477986
3.532958
-0.031597
-0.419758
4.248436
-0.318246
-0.135652
-0.327515
12.742725
10.040075
-0.593826
-0.429478
-0.538968
-0.603397
0.355076
-0.428905
1.469446
0.334619
-0.206520
-0.516953
-0.302467
-0.423085
6.169006
-0.129242
-0.507247
-0.370607
3.186966
-0.219455
-0.318133
-0.234470
-0.261254
2.608657
12.180000
-0.504982
-0.292154
-0.361669
-0.469599
-0.485868
-0.294643
-0.246691
-0.147433
-0.359196
-0.293518
3.731157
-0.475240
-0.259903
-0.408008
-0.090775
1.861796
-0.470778
-0.445753
-0.194112
-0.378711
8.353266
-0.246697
-0.468499
3.030608
4.065979
12.397862
-0.313912
-0.497467
8.883701
0.626847
-0.354033
-0.424681
-0.377594
-0.519084
0.557242
4.410001
-0.367117
-0.347466
-0.332710
-0.205791
-0.449285
-0.347280
13.179126
-0.425477
-0.300150
1.699233
3.843872
0.065381
-0.289836
-0.357188
-0.304398
-0.441374
-0.484735
-0.536523
2.525126
-0.133128
-0.485541
-0.512882
2.520111
-0.394649
-0.664873
-0.369549
0.632549
-0.161841
1.239019
-0.307844
-0.404172
-0.240148
1.158216
-0.473362
2.150322
1.105204
-0.423626
-0.304784
-0.251277
6.447229
5.120695
5.948054
-0.641312
4.604909
6.393596
-0.329961
8.598837
-0.186340
-0.471757
-0.067919
0.677413
2.502086
-0.360818
-0.334474
3.368736
5.597549
0.099369
4.470026
-0.529309
4.116722
-0.496825
-0.031597
-0.419758
6.881513
16.053011
3.599434
-0.327515
13.258411
6.220195
-0.593826
-0.429478
9.761281
0.037775
-0.526465
2.614474
-0.580648
2.268412
-0.206520
-0.516953
-0.302467
4.778437
-0.587129
-0.129242
-0.507247
-0.370607
4.820384
-0.219455
2.099526
3.044194
-0.261254
-0.305474
1.176152
-0.504982
-0.292154
-0.361669
1.708607
-0.485868
-0.294643
-0.246691
-0.147433
-0.359196
-0.293518
2.920358
6.158538
-0.259903
-0.408008
-0.454978
-0.247847
-0.470778
-0.445753
-0.194112
-0.378711
-0.406734
-0.246697
0.257305
-0.431456
-0.327713
3.679652
-0.313912
-0.497467
2.009987
-0.538711
-0.354033
-0.424681
-0.377594
1.641826
0.596993
-0.354502
-0.367117
-0.347466
-0.332710
4.784666
-0.449285
1.021181
-0.336193
-0.425477
-0.300150
1.743735
-0.477800
0.065381
-0.289836
-0.357188
-0.304398
-0.441374
0.411074
-0.536523
-0.178866
-0.133128
-0.485541
-0.512882
5.435600
-0.394649
-0.664873
-0.369549
-0.332945
-0.161841
5.078572
-0.307844
-0.404172
-0.240148
0.954154
-0.473362
2.090503
3.298386
-0.423626
-0.304784
-0.251277
-0.306902
-0.302193
-0.428103
-0.641312
1.436541
-0.312927
-0.329961
4.840081
3.469932
-0.471757
-0.067919
-0.354472
-0.253856
-0.360818
-0.334474
-0.340559
0.808544
-0.250531
-0.429590
-0.529309
-0.342497
-0.496825
0.294224
-0.419758
-0.433122
2.176472
-0.135652
-0.327515
2.031779
-0.480061
-0.593826
-0.429478
-0.538968
2.662030
-0.526465
2.277571
-0.580648
0.971907
-0.206520
-0.516953
-0.302467
-0.423085
-0.356415
4.093066
-0.507247
-0.370607
-0.367855
-0.219455
-0.318133
-0.365177
-0.261254
-0.592998
-0.725847
-0.504982
-0.292154
-0.361669
-0.469599
-0.485868
-0.294643
-0.246691
-0.147433
-0.359196
-0.293518
0.354574
0.783329
-0.259903
-0.408008
0.533290
-0.568625
-0.470778
0.764843
-0.194112
-0.378711
0.069155
-0.246697
1.085880
-0.468326
-0.327713
0.917410
1.190217
-0.497467
1.562048
-0.538711
-0.354033
-0.424681
-0.377594
-0.443907
1.336370
-0.354502
-0.367117
-0.347466
-0.332710
3.850232
-0.449285
3.573930
-0.336193
3.039897
-0.300150
1.602169
-0.477800
0.065381
-0.289836
0.032181
-0.304398
0.355004
1.510005
-0.536523
-0.178866
-0.133128
-0.485541
-0.512882
5.991719
-0.394649
-0.664873
1.295636
0.035812
-0.161841
0.217496
-0.307844
-0.404172
-0.240148
1.813188
-0.473362
1.627275
3.614950
-0.423626
-0.304784
0.022371
-0.306902
-0.302193
-0.428103
-0.641312
2.589424
-0.312927
-0.329961
2.757637
1.198247
-0.471757
0.880397
-0.354472
-0.253856
-0.360818
-0.334474
-0.340559
-0.014902
-0.250531
-0.429590
0.694468
-0.342497
-0.496825
2.937451
-0.419758
-0.433122
-0.318246
-0.135652
-0.327515
-0.321599
-0.480061
-0.593826
-0.429478
-0.538968
3.066222
-0.526465
1.315178
-0.580648
1.159172
-0.206520
-0.516953
-0.302467
0.289999
0.144154
3.330667
-0.507247
-0.370607
-0.367855
-0.219455
-0.318133
-0.365177
-0.261254
-0.592998
-0.770090
-0.504982
-0.292154
-0.361669
4.340315
-0.275311
-0.294643
-0.246691
0.200683
1.713764
-0.293518
-0.589318
0.874611
-0.259903
-0.408008
-0.454978
0.252370
-0.470778
-0.445753
-0.194112
-0.315423
-0.406734
-0.246697
-0.468499
-0.468326
-0.327713
-0.500929
-0.313912
-0.497467
-0.646142
0.096880
-0.354033
3.378016
-0.377594
-0.640996
0.182426
-0.354502
-0.367117
-0.347466
1.299454
-0.205791
-0.034858
3.072319
-0.336193
1.864421
-0.300150
-0.545216
3.661820
0.065381
-0.209127
-0.357188
-0.304398
-0.203241
-0.484735
1.181360
-0.178866
-0.133128
0.705586
-0.512882
-0.311051
-0.394649
0.009733
-0.369549
0.717484
-0.161841
-0.225614
-0.307844
-0.404172
-0.240148
-0.073721
-0.473362
-0.312708
0.075593
-0.423626
-0.304784
-0.251277
-0.306902
-0.302193
2.348022
1.203905
-0.720116
-0.119630
-0.329961
-0.533938
-0.186340
2.968937
-0.067919
-0.216874
-0.253856
-0.360818
-0.141318
-0.340559
-0.389514
-0.250531
-0.429590
-0.529309
-0.342497
-0.496825
-0.031597
1.956773
-0.433122
-0.318246
-0.135652
-0.327515
-0.117470
3.197408
1.677730
-0.429478
1.671424
3.236569
-0.025157
-0.428905
0.156933
1.308521
-0.206520
3.063118
-0.302467
1.505001
-0.587129
-0.129242
-0.507247
1.556920
0.787702
-0.219455
-0.318133
-0.365177
-0.261254
1.172934
0.593408
-0.504982
-0.292154
0.229834
0.083202
-0.485868
-0.294643
-0.246691
-0.147433
-0.359196
-0.293518
-0.589318
-0.475240
-0.259903
1.338995
-0.454978
0.691659
-0.470778
1.142937
-0.194112
-0.378711
-0.406734
-0.246697
-0.468499
-0.468326
-0.327713
-0.500929
-0.313912
-0.497467
-0.646142
-0.538711
-0.354033
1.941830
-0.377594
3.908055
0.326332
-0.354502
0.394955
-0.347466
-0.206972
-0.205791
2.207668
-0.347280
-0.336193
2.941715
-0.300150
0.049442
4.309609
0.065381
-0.289836
4.648186
-0.304398
-0.441374
-0.484735
1.651355
-0.178866
-0.133128
-0.485541
-0.512882
-0.311051
-0.394649
-0.664873
-0.369549
1.533524
-0.161841
-0.225614
-0.307844
-0.404172
-0.240148
4.171986
4.785165
-0.312708
-0.624787
-0.423626
5.643460
-0.251277
-0.306902
-0.302193
1.650747
0.871326
-0.720116
-0.312927
-0.329961
-0.533938
-0.186340
1.473080
-0.067919
1.611959
-0.253856
-0.360818
-0.334474
-0.340559
-0.389514
-0.250531
-0.429590
2.831713
-0.342497
-0.492854
-0.031597
-0.419758
-0.433122
-0.318246
-0.135652
-0.327515
-0.714810
5.861767
3.935147
-0.429478
-0.538968
0.100832
-0.097972
-0.428905
-0.580648
-0.635035
-0.206520
0.943224
-0.302467
-0.423085
0.113663
-0.129242
-0.507247
-0.370607
0.232061
-0.219455
-0.318133
-0.365177
-0.261254
0.752023
-0.248018
-0.504982
-0.292154
-0.361669
1.794204
-0.485868
-0.294643
-0.246691
-0.147433
-0.359196
-0.293518
-0.589318
-0.475240
-0.259903
-0.408008
2.044635
-0.568625
-0.470778
2.491822
-0.194112
-0.378711
-0.406734
-0.246697
-0.468499
-0.468326
-0.327713
-0.500929
7.304093
-0.497467
-0.646142
2.117469
-0.354033
3.403274
-0.377594
-0.640996
-0.162586
4.203496
-0.367117
-0.347466
-0.332710
-0.205791
0.969126
-0.347280
-0.336193
-0.425477
-0.300150
-0.279699
2.398942
0.065381
-0.289836
-0.357188
-0.304398
0.109524
-0.484735
9.160059
-0.178866
-0.133128
-0.485541
4.506695
-0.311051
-0.394649
-0.664873
-0.369549
1.168228
-0.161841
-0.225614
-0.307844
-0.404172
-0.240148
1.673555
1.333891
-0.312708
-0.624787
-0.423626
-0.304784
-0.251277
-0.306902
-0.302193
1.431620
2.556052
1.718223
5.413860
-0.329961
-0.533938
-0.186340
1.870900
-0.067919
3.962018
-0.253856
1.667133
-0.334474
-0.340559
2.068350
0.480255
-0.429590
5.794988
-0.342497
-0.496825
-0.031597
-0.270060
-0.433122
-0.318246
-0.077083
-0.327515
0.947720
14.279816
2.336634
-0.429478
-0.538968
-0.603397
5.280609
-0.428905
-0.580648
1.996650
-0.206520
-0.516953
-0.302467
-0.423085
1.350970
-0.129242
-0.507247
-0.370607
-0.367855
-0.079164
-0.318133
2.811012
-0.261254
1.448668
-0.696150
-0.504982
-0.292154
-0.361669
-0.469599
-0.485868
-0.294643
-0.246691
-0.147433
-0.359196
-0.293518
1.671268
-0.475240
-0.259903
-0.408008
-0.454978
-0.568625
-0.470778
-0.445753
-0.194112
-0.378711
-0.406734
-0.246697
-0.468499
-0.468326
2.197422
-0.500929
1.125434
1.761124
-0.646142
2.311017
-0.354033
-0.424681
-0.377594
1.442877
2.321392
-0.354502
3.970369
-0.347466
-0.332710
-0.205791
9.311508
-0.347280
-0.336193
-0.425477
-0.300150
-0.260888
13.846346
0.065381
-0.289836
-0.357188
-0.304398
-0.441374
-0.484735
18.897850
-0.178866
-0.133128
-0.485541
7.135226
-0.311051
-0.394649
-0.664873
-0.369549
-0.423225
-0.161841
-0.225614
-0.307844
-0.404172
-0.240148
-0.630287
-0.473362
-0.312708
-0.624787
-0.423626
1.393471
-0.251277
-0.306902
-0.302193
-0.428103
-0.222394
-0.720116
-0.299269
0.766798
0.212798
-0.186340
-0.471757
-0.067919
5.049086
-0.253856
3.453650
-0.334474
2.405110
-0.389514
-0.250531
-0.429590
-0.529309
-0.342497
-0.496825
-0.031597
1.064437
-0.433122
-0.318246
-0.135652
-0.327515
0.928079
8.008324
-0.593826
-0.429478
-0.538968
-0.603397
2.001525
-0.428905
-0.580648
-0.277116
-0.206520
1.024403
-0.302467
-0.423085
8.678325
-0.129242
-0.507247
-0.370607
1.349352
-0.219455
-0.318133
2.027149
-0.261254
5.168927
4.243861
-0.504982
-0.292154
-0.361669
-0.469599
-0.485868
-0.294643
-0.246691
-0.147433
-0.359196
2.362480
5.971797
-0.475240
-0.259903
-0.408008
-0.454978
7.777030
-0.470778
-0.445753
-0.194112
-0.378711
3.152815
4.766061
-0.468499
-0.468326
-0.327713
12.211302
-0.313912
1.279662
-0.441733
-0.538711
-0.354033
2.571418
-0.377594
-0.640996
7.851948
-0.354502
-0.367117
-0.347466
1.585695
-0.205791
4.092611
-0.347280
-0.336193
-0.425477
-0.300150
3.411975
10.613641
0.065381
3.085354
-0.357188
-0.304398
6.192428
-0.484735
-0.536523
-0.178866
-0.133128
-0.485541
-0.512882
-0.311051
-0.394649
-0.664873
-0.369549
3.275855
-0.161841
-0.225614
-0.307844
-0.404172
-0.240148
-0.630287
-0.473362
-0.251478
8.804107
-0.423626
-0.304784
-0.251277
-0.306902
8.223512
1.238151
-0.340764
-0.720116
-0.312927
-0.329961
3.236433
-0.186340
-0.471757
-0.067919
-0.354472
-0.253856
-0.360818
-0.334474
2.814405
0.835441
-0.250531
-0.043842
-0.529309
-0.342497
-0.496825
-0.031597
5.498529
5.080400
5.417309
-0.135652
-0.327515
8.684342
-0.480061
-0.593826
-0.429478
-0.538968
3.296122
-0.202556
-0.428905
5.756332
1.210044
-0.206520
-0.516953
-0.302467
4.807674
4.377451
-0.129242
-0.507247
-0.370607
6.735823
-0.219455
-0.318133
-0.365177
-0.261254
7.028537
11.548851
-0.504982
4.564490
-0.361669
-0.469599
-0.485868
-0.294643
-0.246691
-0.147433
-0.359196
-0.293518
2.494697
0.805778
-0.259903
-0.408008
-0.454978
5.906314
-0.470778
-0.445753
-0.194112
-0.378711
1.868232
-0.246697
-0.468499
-0.468326
1.933578
10.532454
-0.313912
-0.497467
4.139889
-0.370675
-0.354033
1.113325
-0.377594
0.569044
-0.107829
-0.354502
-0.367117
-0.347466
-0.332710
-0.205791
-0.268415
-0.347280
-0.336193
-0.425477
-0.300150
5.552413
3.170120
0.065381
3.453152
-0.357188
-0.304398
-0.441374
-0.484735
-0.536523
-0.178866
-0.133128
-0.485541
-0.512882
1.288957
-0.394649
-0.664873
-0.369549
-0.423225
-0.161841
-0.225614
-0.307844
-0.404172
-0.240148
4.580194
1.371695
4.092520
7.291885
-0.423626
-0.304784
-0.251277
2.811822
2.650728
5.853727
-0.528863
-0.720116
4.568104
-0.329961
1.431833
-0.186340
-0.471757
-0.067919
-0.354472
2.021040
-0.360818
-0.334474
-0.340559
4.682597
-0.250531
0.291947
-0.529309
-0.342497
-0.467647
-0.031597
1.472471
-0.433122
8.507865
-0.135652
-0.327515
10.321718
2.320257
-0.593826
-0.429478
-0.538968
7.222556
-0.526465
-0.428905
-0.580648
2.772721
-0.206520
-0.516953
-0.302467
1.881746
1.114076
-0.129242
-0.507247
-0.370607
6.041890
-0.219455
-0.318133
-0.365177
-0.261254
0.888891
2.875866
-0.504982
0.134377
1.551368
1.001205
-0.485868
-0.294643
-0.246691
-0.147433
-0.359196
-0.293518
-0.589318
-0.475240
-0.259903
-0.408008
0.331092
0.931638
-0.470778
-0.445753
-0.194112
-0.378711
-0.406734
-0.246697
-0.468499
-0.468326
-0.327713
3.460196
-0.313912
-0.497467
2.068992
-0.538711
-0.354033
-0.424681
-0.377594
0.487738
-0.072834
-0.354502
-0.367117
-0.347466
-0.332710
2.562438
-0.449285
1.007324
-0.336193
-0.425477
-0.300150
2.539983
-0.477800
0.065381
-0.289836
-0.357188
-0.304398
-0.441374
0.321994
-0.536523
-0.178866
-0.133128
-0.485541
-0.512882
4.419017
-0.394649
-0.664873
-0.369549
-0.423225
-0.161841
-0.225614
-0.307844
-0.404172
-0.240148
1.592204
-0.473362
1.907379
3.987921
-0.423626
-0.304784
-0.251277
-0.306902
-0.302193
-0.428103
-0.641312
0.270477
-0.312927
-0.329961
3.810267
0.138566
-0.471757
-0.067919
-0.354472
-0.253856
-0.360818
-0.334474
-0.340559
1.373418
-0.250531
-0.429590
-0.529309
-0.342497
-0.496825
-0.031597
-0.419758
-0.433122
3.084250
-0.135652
-0.327515
2.078945
-0.480061
-0.593826
-0.429478
-0.538968
5.194828
-0.526465
1.859407
-0.580648
1.234474
-0.206520
-0.516953
-0.302467
-0.423085
-0.587129
1.177441
-0.507247
-0.370607
-0.367855
-0.219455
-0.318133
-0.365177
-0.261254
-0.592998
-0.262033
-0.504982
-0.292154
-0.361669
-0.469599
-0.485868
-0.294643
-0.246691
-0.147433
-0.359196
-0.293518
-0.460530
0.990810
-0.259903
-0.408008
0.533290
-0.568625
-0.470778
0.764843
-0.194112
-0.378711
0.069155
-0.246697
1.085880
-0.468326
-0.327713
0.910057
1.190217
-0.497467
1.444939
-0.538711
-0.354033
-0.424681
-0.377594
-0.336262
1.336370
-0.354502
-0.367117
-0.347466
-0.332710
2.919111
-0.449285
3.834642
-0.336193
3.039897
-0.300150
1.597417
-0.477800
0.065381
-0.289836
0.032181
-0.304398
0.355004
1.243057
-0.536523
-0.178866
-0.133128
-0.485541
-0.512882
5.611097
-0.394649
-0.664873
1.295636
0.035812
-0.161841
0.050445
-0.307844
-0.404172
-0.240148
1.782404
-0.473362
1.625329
3.565111
-0.423626
-0.304784
-0.251277
-0.306902
-0.302193
-0.428103
-0.641312
2.589424
-0.312927
-0.329961
2.858190
0.910808
-0.471757
0.880397
-0.354472
-0.253856
-0.360818
-0.334474
-0.340559
0.092872
-0.250531
-0.429590
0.694468
-0.342497
-0.496825
2.470424
-0.419758
-0.433122
-0.318246
-0.135652
-0.327515
-0.190296
-0.480061
-0.593826
-0.429478
-0.538968
3.305398
-0.526465
1.240917
-0.580648
1.368943
-0.206520
-0.516953
-0.302467
0.289999
0.144154
3.224420
-0.507247
-0.370607
-0.367855
-0.219455
-0.318133
-0.365177
-0.261254
-0.592998
-0.770090
-0.504982
-0.292154
-0.361669
4.340315
-0.275311
-0.294643
-0.246691
0.200683
1.713764
-0.293518
-0.589318
1.091695
2.098342
-0.408008
0.281262
0.476611
0.982761
0.238471
-0.194112
-0.378711
-0.406734
-0.246697
-0.468499
-0.468326
-0.327713
-0.500929
-0.313912
-0.497467
-0.208595
0.812509
-0.354033
1.603331
0.403196
-0.640996
2.974066
-0.354502
1.304201
-0.347466
-0.332710
-0.205791
-0.104423
-0.347280
-0.336193
2.387893
-0.300150
0.968082
4.012922
0.762448
-0.289836
0.592365
-0.304398
1.356879
-0.484735
-0.536523
-0.178866
-0.133128
-0.356316
1.201795
-0.311051
-0.394649
0.504905
-0.369549
-0.423225
0.502017
-0.225614
-0.307844
0.732157
-0.240148
0.510178
-0.473362
-0.312708
0.584869
-0.423626
0.275707
-0.251277
-0.306902
-0.302193
-0.428103
0.149294
-0.720116
-0.312927
-0.329961
-0.533938
-0.186340
1.924793
-0.067919
0.462740
-0.253856
1.584587
0.676261
-0.340559
-0.389514
-0.250531
-0.429590
-0.492510
-0.342497
-0.496825
-0.031597
0.990714
-0.433122
-0.318246
-0.135652
-0.327515
-0.714810
1.605456
1.766383
-0.429478
-0.538968
2.092441
1.240042
-0.428905
0.381167
1.228055
-0.206520
0.369006
-0.302467
1.056300
-0.587129
-0.129242
-0.507247
-0.370607
0.266758
-0.219455
-0.318133
-0.365177
-0.261254
1.847072
1.601715
0.570681
2.343245
-0.049602
0.614897
-0.485868
-0.294643
-0.246691
-0.147433
-0.359196
-0.293518
-0.589318
-0.384141
-0.259903
-0.408008
-0.454978
0.220108
-0.470778
1.515219
-0.194112
-0.378711
-0.406734
-0.246697
-0.294212
-0.468326
-0.327713
-0.500929
-0.313912
-0.497467
-0.646142
0.556605
-0.354033
1.922057
-0.377594
-0.459508
0.389005
-0.354502
-0.367117
-0.347466
-0.332710
-0.205791
2.925555
-0.347280
-0.336193
-0.425477
-0.300150
1.278941
5.215614
0.065381
-0.289836
5.018653
-0.304398
2.382419
-0.254731
2.775820
3.256220
-0.133128
-0.485541
0.158316
-0.311051
5.596123
1.781678
-0.369549
2.575814
-0.161841
-0.225614
-0.307844
-0.404172
-0.240148
-0.453227
-0.473362
-0.312708
0.941132
-0.423626
3.403498
-0.251277
-0.306902
-0.302193
-0.428103
0.545559
-0.720116
0.888260
-0.329961
-0.533938
-0.186340
-0.302804
-0.067919
1.812636
-0.253856
-0.360818
-0.334474
-0.340559
-0.389514
-0.250531
-0.429590
-0.529309
-0.342497
-0.496825
-0.031597
1.908912
-0.433122
-0.318246
-0.135652
-0.327515
-0.714810
2.292805
3.698022
-0.429478
-0.538968
1.576655
-0.052959
-0.428905
-0.580648
0.601345
-0.206520
1.392277
-0.302467
0.858716
-0.587129
-0.129242
-0.507247
-0.370607
1.520645
-0.219455
-0.318133
-0.365177
-0.261254
2.326350
0.011340
0.683920
8.170330
-0.299845
-0.469599
0.412443
-0.294643
-0.246691
-0.147433
-0.359196
-0.293518
-0.589318
-0.269725
-0.259903
-0.408008
-0.052992
0.568497
-0.470778
3.225298
-0.194112
4.379529
1.275784
-0.246697
-0.468499
-0.468326
-0.327713
-0.500929
7.782994
-0.497467
-0.646142
1.720392
-0.354033
-0.220204
-0.377594
-0.640996
10.665277
-0.354502
2.802027
-0.347466
5.666480
-0.205791
0.485235
-0.347280
-0.336193
-0.425477
-0.300150
2.278458
8.491014
0.065381
-0.289836
-0.357188
-0.304398
1.905507
-0.484735
8.059429
-0.178866
-0.133128
-0.485541
4.419761
-0.311051
1.909169
0.162159
-0.369549
-0.354612
8.280810
-0.225614
-0.307844
-0.404172
-0.240148
4.139461
2.229151
-0.312708
0.006920
-0.423626
5.387855
-0.251277
-0.306902
-0.302193
-0.428103
2.205419
1.609134
2.000461
-0.329961
-0.533938
-0.186340
-0.471757
-0.067919
4.648058
-0.253856
-0.360818
5.379977
-0.340559
-0.356982
-0.250531
-0.429590
-0.529309
-0.342497
-0.496825
-0.031597
1.646752
-0.433122
-0.318246
3.318895
-0.327515
-0.714810
9.642398
6.410491
-0.429478
-0.538968
3.146286
3.648835
-0.428905
-0.580648
2.760765
-0.206520
-0.516953
-0.302467
0.790955
1.268503
-0.129242
-0.507247
-0.370607
2.360735
0.071430
-0.318133
4.666827
-0.261254
4.945732
0.315912
1.478548
6.277761
-0.361669
-0.469599
-0.485868
-0.294643
-0.246691
-0.147433
0.566148
-0.293518
2.584343
-0.475240
-0.259903
-0.408008
-0.454978
3.470435
-0.470778
-0.445753
-0.194112
4.682915
-0.406734
9.489659
-0.468499
-0.468326
5.804201
9.254906
-0.313912
8.974334
-0.646142
-0.510555
-0.354033
2.240241
-0.377594
-0.640996
9.643906
-0.354502
-0.367117
-0.347466
7.015282
-0.205791
9.872094
-0.347280
-0.336193
-0.425477
9.204949
1.862558
0.489229
0.065381
-0.200572
-0.357188
-0.304398
-0.441374
2.683283
13.303582
-0.178866
-0.133128
0.285575
2.147417
-0.311051
5.186599
-0.664873
-0.369549
-0.423225
2.112672
-0.225614
-0.307844
-0.404172
-0.240148
-0.630287
-0.473362
-0.312708
2.678970
-0.423626
8.988043
-0.251277
-0.306902
5.592907
-0.428103
4.701381
-0.334744
2.172450
-0.329961
0.592166
-0.186340
-0.471757
-0.067919
0.200598
5.941707
-0.360818
-0.334474
-0.340559
-0.086155
-0.250531
-0.429590
-0.529309
-0.342497
2.953758
-0.031597
6.295779
-0.359418
-0.318246
-0.135652
6.433267
3.349655
3.944128
-0.034294
-0.429478
-0.538968
3.805359
0.926907
6.237004
0.144308
1.881109
1.801170
-0.516953
-0.302467
-0.423085
1.319024
-0.129242
-0.507247
-0.370607
5.961293
-0.219455
-0.318133
7.959250
-0.261254
4.774968
11.852281
-0.504982
16.570023
0.408712
-0.469599
-0.485868
-0.294643
-0.246691
-0.147433
-0.359196
-0.293518
6.135983
7.318280
-0.259903
-0.408008
-0.454978
1.782877
-0.470778
-0.445753
-0.194112
1.746563
3.766218
-0.246697
-0.468499
-0.106696
3.190072
11.991420
-0.313912
-0.497467
5.326451
4.257143
-0.354033
3.202300
-0.377594
-0.640996
-0.429652
0.435373
-0.367117
0.258286
6.620602
-0.205791
3.320845
-0.347280
-0.336193
-0.425477
6.024204
0.880136
8.009226
0.065381
5.996325
-0.357188
-0.304398
1.961987
-0.484735
-0.536523
-0.178866
-0.133128
0.961608
5.484008
13.494593
-0.394649
2.292384
2.487402
2.892202
0.502419
-0.225614
-0.307844
-0.404172
-0.240148
4.538785
-0.473362
8.406126
9.481421
-0.423626
-0.304784
-0.251277
2.162459
12.757242
2.633410
-0.436001
1.342398
6.932555
-0.329961
1.846175
-0.186340
-0.471757
-0.067919
-0.354472
10.633278
4.950708
-0.334474
4.989820
2.752009
-0.250531
-0.429590
-0.529309
-0.342497
-0.496825
-0.031597
5.161620
11.792110
11.244718
4.214669
1.755828
5.252110
3.746461
-0.593826
-0.429478
4.834943
10.341086
-0.526465
0.987577
4.556241
4.998730
-0.206520
-0.516953
-0.302467
4.629681
-0.587129
-0.129242
-0.507247
-0.370607
7.534276
-0.219455
0.176035
-0.365177
0.291431
6.692167
3.600464
3.023391
4.890320
4.643643
2.591379
-0.485868
-0.294643
-0.246691
0.577850
-0.359196
-0.293518
4.235949
5.790188
-0.259903
-0.408008
-0.454978
3.884823
-0.470778
-0.445753
1.635557
5.315549
-0.406734
-0.246697
-0.468499
-0.468326
-0.327713
0.917127
-0.313912
-0.497467
1.528371
0.820126
1.185580
0.836394
-0.377594
-0.640996
-0.429652
-0.354502
-0.367117
0.372261
-0.332710
2.033421
0.360567
-0.347280
-0.336193
-0.425477
-0.300150
3.917416
-0.477800
0.065381
-0.289836
-0.357188
-0.304398
-0.441374
-0.484735
-0.536523
-0.178866
-0.133128
-0.485541
-0.512882
7.785597
-0.394649
0.471487
-0.369549
-0.419597
-0.161841
-0.225614
-0.307844
-0.404172
-0.240148
3.946318
1.071687
2.453404
5.739146
-0.423626
-0.304784
-0.251277
-0.306902
-0.302193
2.557638
-0.409635
0.806715
-0.312927
-0.329961
-0.533938
-0.186340
-0.206453
-0.067919
-0.354472
2.091473
-0.360818
-0.334474
-0.340559
1.060378
-0.250531
-0.429590
-0.529309
-0.342497
0.277509
-0.031597
2.623964
-0.433122
1.315467
-0.135652
-0.327515
1.024029
1.144935
-0.593826
-0.429478
-0.538968
4.823510
-0.526465
2.165305
-0.580648
-0.054480
-0.206520
-0.516953
1.034350
-0.423085
0.883379
-0.129242
-0.507247
-0.370607
1.192161
-0.219455
-0.318133
-0.365177
-0.261254
-0.197236
2.836800
-0.504982
-0.292154
4.624455
-0.058440
-0.485868
-0.294643
-0.246691
-0.147433
1.810713
-0.293518
-0.298835
-0.475240
-0.259903
-0.408008
-0.454978
0.169646
-0.470778
-0.445753
-0.194112
-0.378711
-0.406734
-0.246697
-0.468499
-0.468326
-0.327713
1.265742
-0.313912
-0.497467
1.854095
0.090285
3.682849
-0.424681
-0.377594
-0.173536
-0.429652
-0.354502
-0.367117
1.573447
-0.332710
5.529148
-0.449285
-0.347280
-0.336193
-0.425477
-0.300150
2.242961
-0.477800
0.065381
-0.289836
-0.255649
-0.304398
-0.441374
0.464590
-0.536523
-0.178866
-0.133128
-0.485541
-0.512882
7.219362
-0.394649
0.189342
-0.369549
0.523947
-0.161841
-0.217300
-0.307844
-0.404172
-0.240148
2.479379
-0.094890
2.946672
3.234649
-0.423626
-0.304784
1.762233
-0.306902
-0.302193
-0.409348
-0.641312
1.270080
-0.312927
-0.329961
1.352566
-0.186340
-0.471757
-0.067919
-0.354472
2.399446
-0.360818
-0.334474
-0.340559
0.954216
-0.250531
-0.429590
-0.529309
-0.342497
0.472576
-0.031597
-0.419758
-0.433122
3.034885
-0.135652
-0.327515
0.263933
0.807982
-0.593826
-0.429478
-0.538968
3.420493
-0.526465
2.640807
-0.580648
0.102474
-0.206520
-0.516953
-0.302467
-0.423085
-0.395779
-0.129242
-0.507247
-0.370607
-0.238693
-0.219455
-0.318133
-0.365177
-0.261254
-0.592998
-0.723058
-0.504982
-0.292154
3.498806
0.222788
-0.485868
-0.294643
-0.246691
-0.147433
0.382224
-0.293518
0.003730
1.440328
-0.259903
-0.408008
-0.073028
-0.568625
-0.470778
1.270372
-0.194112
-0.378711
-0.272351
-0.246697
0.370174
-0.468326
-0.327713
0.358961
0.881597
-0.497467
1.001165
-0.408590
2.206579
-0.424681
-0.377594
-0.462126
0.489254
-0.354502
-0.367117
0.320879
-0.332710
4.514747
-0.449285
2.570850
-0.336193
2.003207
-0.300150
1.406761
-0.477800
0.065381
0.677489
1.473573
-0.304398
0.792525
1.653373
0.345528
-0.178866
-0.133128
-0.485541
-0.512882
6.746560
-0.394649
-0.360365
1.806891
0.725013
-0.161841
0.562580
-0.307844
-0.404172
-0.240148
2.442825
-0.473362
2.103293
2.420500
-0.423626
-0.304784
1.886870
-0.306902
-0.302193
-0.428103
-0.641312
2.762783
-0.312927
-0.329961
1.552987
0.241169
-0.340413
0.358480
-0.354472
0.174377
-0.360818
-0.334474
-0.340559
-0.066149
-0.250531
-0.429590
0.018343
-0.342497
0.499006
-0.019167
-0.419758
-0.433122
0.859265
-0.135652
-0.327515
-0.714810
0.667129
-0.593826
-0.429478
-0.267851
1.941580
-0.526465
1.943909
-0.580648
-0.106998
-0.206520
-0.516953
-0.302467
0.247994
0.071885
2.603733
-0.507247
-0.370607
0.042191
-0.219455
-0.318133
-0.365177
-0.261254
-0.592998
-0.770090
-0.504982
-0.292154
2.569280
3.711602
-0.485868
-0.294643
0.712176
1.914166
1.760113
-0.293518
-0.589318
1.233284
