289.40424 -0.14544 -0.14544 11.24232 -0.14544 -0.14544 -0.14544 -0.14544 -0.14544 -0.14544 -0.14544 -0.14544 -0.14544 -0.14544 -0.14544 -0.14544 -0.14544 -0.14544 -0.14544 -0.14544 -0.14544 -0.14544 -0.14544 -0.14544 -0.14544 -0.14544 -0.14544 -0.14544 -0.14544 -0.14544 -0.14544 -0.14544
-0.14544 -0.14544 -0.14544 -0.14544 -0.14544 -0.14544 -0.14544 -0.14544 -0.14544 -0.14544 -0.14544 -0.14544 -0.14544 -0.14544 -0.14544 -0.14544 -0.14544 -0.14544 -0.14544 -0.14544 -0.14544 -0.14544 -0.14544 -0.14544 -0.14544 -0.14544 -0.14544 -0.14544 126.77159 42.75773 -0.14544 -0.14544
101.32825 13.75566 -0.14544 -0.14544 -0.14544 68.93864 -0.14544 -0.14544 -0.14544 -0.14544 -0.14544 -0.14544 -0.14544 -0.14544 -0.14544 -0.14544 -0.14544 -0.14544 -0.14544 -0.14544 -0.14544 -0.14544 -0.14544 -0.14544 -0.14544 -0.14544 -0.14544 -0.14544 -0.14544 -0.14544 -0.14544 -0.14544
-0.14544 -0.14544 -0.14544 -0.14544 -0.14544 -0.14544 -0.14544 -0.14544 -0.14544 -0.14544 -0.14544 -0.14544 -0.14544 -0.14544 -0.14544 -0.14544 -0.14544 -0.14544 -0.14544 -0.14544 -0.14544 -0.14544 -0.14544 -0.14544 -0.14544 -0.14544 85.62629 -0.14544 -0.14544 -0.14544 -0.14544 4.85671
-0.14544 -0.14544 26.54928 413.23013 -0.14544 -0.14544 -0.14544 -0.14544 -0.14544 -0.14544 -0.14544 -0.14544 -0.14544 -0.14544 -0.14544 -0.14544 -0.14544 134.10405 -0.14544 -0.14544 -0.14544 -0.14544 -0.14544 -0.14544 152.53293 242.15259 -0.14544 -0.14544 -0.14544 -0.14544 -0.14544 -0.14544
-0.14544 -0.14544 -0.14544 -0.14544 -0.14544 -0.14544 -0.14544 -0.14544 -0.14544 -0.14544 -0.14544 -0.14544 -0.14544 -0.14544 -0.14544 -0.14544 -0.14544 -0.14544 -0.14544 -0.14544 -0.14544 63.15684 40.69073 246.24889 80.56083 -0.14544 -0.14544 -0.14544 -0.14544 -0.14544 -0.14544 -0.14544
-0.14544 -0.14544 -0.14544 -0.14544 -0.14544 -0.14544 -0.14544 -0.14544 -0.14544 -0.14544 -0.14544 -0.14544 -0.14544 -0.14544 -0.14544 -0.14544 -0.14544 -0.14544 -0.14544 26.45321 100.57259 265.75739 113.51897 -0.14544 -0.14544 -0.14544 -0.14544 -0.14544 -0.14544 -0.14544 41.18230 -0.14544
-0.14544 66.37288 31.84728 -0.14544 -0.14544 -0.14544 8.57746 -0.14544 -0.14544 -0.14544 -0.14544 -0.14544 -0.14544 -0.14544 -0.14544 158.59497 -0.14544 -0.14544 -0.14544 40.66533 18.76826 -0.14544 -0.14544 -0.14544 -0.14544 -0.14544 -0.14544 -0.14544 -0.14544 -0.14544 -0.14544 -0.14544
-0.14544 -0.14544 -0.14544 -0.14544 -0.14544 -0.14544 -0.14544 -0.14544 -0.14544 -0.14544 -0.14544 -0.14544 175.58382 143.28413 -0.14544 -0.14544 -0.14544 -0.14544 -0.14544 -0.14544 -0.14544 -0.14544 -0.14544 -0.14544 -0.14544 -0.14544 -0.14544 -0.14544 -0.14544 -0.14544 -0.14544 -0.14544
-0.14544 -0.14544 -0.14544 -0.14544 -0.14544 -0.14544 -0.14544 -0.14544 -0.14544 -0.14544 -0.14544 239.37248 473.43710 -0.14544 -0.14544 -0.14544 -0.14544 -0.14544 53.16121 -0.14544 -0.14544 -0.14544 -0.14544 -0.14544 -0.14544 -0.14544 -0.14544 -0.14544 -0.14544 -0.14544 -0.14544 -0.14544
-0.14544 -0.14544 -0.14544 -0.14544 -0.14544 -0.14544 -0.14544 -0.14544 -0.14544 -0.14544 63.23760 494.38370 -0.14544 -0.14544 -0.14544 -0.14544 -0.14544 -0.14544 -0.14544 -0.14544 -0.14544 -0.14544 -0.14544 -0.14544 71.37780 20.61769 -0.14544 -0.14544 -0.14544 -0.14544 -0.14544 -0.14544
-0.14544 -0.14544 -0.14544 -0.14544 45.25764 -0.14544 -0.14544 -0.14544 -0.14544 -0.14544 432.20410 -0.14544 -0.14544 -0.14544 -0.14544 -0.14544 -0.14544 -0.14544 35.17485 44.09383 48.28248 -0.14544 -0.14544 -0.14544 -0.14544 -0.14544 -0.14544 -0.14544 -0.14544 -0.14544 -0.14544 -0.14544
-0.14544 -0.14544 27.45709 -0.14544 -0.14544 -0.14544 -0.14544 -0.14544 -0.14544 181.01320 -0.14544 -0.14544 -0.14544 -0.14544 -0.14544 -0.14544 -0.14544 184.11885 290.83014 145.34131 22.98404 -0.14544 -0.14544 -0.14544 -0.14544 -0.14544 -0.14544 -0.14544 -0.14544 -0.14544 -0.14544 -0.14544
-0.14544 -0.14544 -0.14544 -0.14544 -0.14544 -0.14544 -0.14544 -0.14544 -0.14544 -0.14544 -0.14544 -0.14544 -0.14544 -0.14544 -0.14544 -0.14544 76.51637 1.34143 119.77734 29.56156 -0.14544 -0.14544 -0.14544 -0.14544 -0.14544 -0.14544 -0.14544 -0.14544 -0.14544 -0.14544 -0.14544 -0.14544
-0.14544 -0.14544 -0.14544 -0.14544 -0.14544 -0.14544 -0.14544 68.56007 45.43723 -0.14544 -0.14544 -0.14544 -0.14544 -0.14544 -0.14544 29.00640 -0.14544 -0.14544 -0.14544 -0.14544 -0.14544 -0.14544 -0.14544 -0.14544 -0.14544 -0.14544 -0.14544 -0.14544 -0.14544 -0.14544 -0.14544 -0.14544
-0.14544 -0.14544 -0.14544 -0.14544 -0.14544 -0.14544 -0.14544 25.74393 -0.14544 -0.14544 -0.14544 -0.14544 -0.14544 -0.14544 -0.14544 -0.14544 -0.14544 21.50032 20.27934 -0.14544 -0.14544 -0.14544 -0.14544 -0.14544 -0.14544 -0.14544 -0.14544 -0.14544 -0.14544 -0.14544 -0.14544 -0.14544
-0.14544 73.91529 62.88673 -0.14544 -0.14544 101.43613 144.37984 -0.14544 -0.14544 -0.14544 -0.14544 -0.14544 -0.14544 -0.14544 -0.14544 26.30971 29.21801 79.73025 -0.14544 -0.14544 -0.14544 -0.14544 -0.14544 -0.14544 -0.14544 -0.14544 -0.14544 -0.14544 -0.14544 -0.14544 -0.14544 -0.14544
442.23462 246.90773 -0.14544 -0.14544 -0.14544 35.28524 -0.14544 -0.14544 -0.14544 -0.14544 -0.14544 -0.14544 -0.14544 -0.14544 208.53008 210.74649 7.97222 -0.14544 -0.14544 -0.14544 -0.14544 -0.14544 -0.14544 5.77042 -0.14544 -0.14544 -0.14544 -0.14544 -0.14544 -0.14544 -0.14544 -0.14544
487.72809 -0.14544 -0.14544 -0.14544 -0.14544 -0.14544 -0.14544 -0.14544 -0.14544 -0.14544 -0.14544 169.53357 -0.14544 135.94153 321.60260 41.72620 -0.14544 -0.14544 -0.14544 -0.14544 -0.14544 -0.14544 -0.14544 32.05986 -0.14544 -0.14544 -0.14544 -0.14544 -0.14544 -0.14544 -0.14544 -0.14544
-0.14544 -0.14544 -0.14544 -0.14544 -0.14544 -0.14544 -0.14544 -0.14544 -0.14544 32.71230 302.06250 196.46449 -0.14544 1.16858 -0.14544 -0.14544 -0.14544 -0.14544 64.01093 36.27205 -0.14544 -0.14544 10.09161 27.73463 -0.14544 -0.14544 -0.14544 -0.14544 -0.14544 -0.14544 -0.14544 -0.14544
-0.14544 -0.14544 413.73074 32.88830 -0.14544 -0.14544 -0.14544 -0.14544 157.24350 151.61172 48.27422 -0.14544 -0.14544 -0.14544 11.90311 122.21064 135.97522 105.82081 303.85641 164.81567 -0.14544 -0.14544 40.25409 9.39825 -0.14544 -0.14544 -0.14544 -0.14544 -0.14544 -0.14544 -0.14544 -0.14544
-0.14544 299.74182 562.47388 -0.14544 -0.14544 -0.14544 -0.14544 117.35262 155.31302 -0.14544 -0.14544 -0.14544 -0.14544 102.99094 312.15274 308.52945 97.84450 -0.14544 28.12258 -0.14544 -0.14544 -0.14544 -0.14544 -0.14544 -0.14544 -0.14544 -0.14544 -0.14544 -0.14544 -0.14544 -0.14544 -0.14544
-0.14544 -0.14544 -0.14544 -0.14544 -0.14544 39.07977 -0.14544 -0.14544 -0.14544 -0.14544 -0.14544 76.24836 303.61557 527.36493 330.29440 6.69789 -0.14544 -0.14544 -0.14544 -0.14544 -0.14544 -0.14544 -0.14544 -0.14544 -0.14544 -0.14544 -0.14544 -0.14544 15.40738 -0.14544 -0.14544 -0.14544
-0.14544 -0.14544 -0.14544 -0.14544 331.09128 -0.14544 -0.14544 -0.14544 -0.14544 151.12068 513.01038 371.22253 163.17970 -0.14544 -0.14544 -0.14544 -0.14544 -0.14544 -0.14544 -0.14544 -0.14544 -0.14544 -0.14544 -0.14544 -0.14544 -0.14544 -0.14544 -0.14544 -0.14544 -0.14544 -0.14544 -0.14544
-0.14544 -0.14544 -0.14544 -0.14544 -0.14544 -0.14544 53.11537 85.30708 88.69753 562.96027 276.12906 -0.14544 -0.14544 -0.14544 -0.14544 -0.14544 -0.14544 -0.14544 -0.14544 -0.14544 -0.14544 -0.14544 -0.14544 23.16978 -0.14544 -0.14544 -0.14544 -0.14544 -0.14544 -0.14544 -0.14544 -0.14544
-0.14544 -0.14544 -0.14544 -0.14544 -0.14544 361.06570 574.00977 131.68755 252.75220 -0.14544 -0.14544 -0.14544 -0.14544 -0.14544 -0.14544 -0.14544 -0.14544 -0.14544 -0.14544 -0.14544 -0.14544 -0.14544 -0.14544 51.11544 28.15492 -0.14544 -0.14544 -0.14544 -0.14544 -0.14544 -0.14544 -0.14544
-0.14544 -0.14544 -0.14544 -0.14544 -0.14544 -0.14544 -0.14544 -0.14544 -0.14544 -0.14544 -0.14544 -0.14544 -0.14544 -0.14544 -0.14544 -0.14544 -0.14544 -0.14544 -0.14544 -0.14544 -0.14544 -0.14544 -0.14544 -0.14544 -0.14544 13.48537 -0.14544 -0.14544 -0.14544 -0.14544 -0.14544 -0.14544
-0.14544 -0.14544 -0.14544 -0.14544 -0.14544 -0.14544 -0.14544 -0.14544 -0.14544 -0.14544 -0.14544 -0.14544 -0.14544 -0.14544 -0.14544 -0.14544 -0.14544 -0.14544 37.51807 -0.14544 -0.14544 -0.14544 -0.14544 -0.14544 -0.14544 59.01524 -0.14544 -0.14544 -0.14544 -0.14544 -0.14544 28.75954
-0.14544 -0.14544 -0.14544 -0.14544 -0.14544 -0.14544 -0.14544 -0.14544 -0.14544 -0.14544 -0.14544 -0.14544 -0.14544 9.70698 37.63966 17.21596 -0.14544 10.22874 -0.14544 -0.14544 -0.14544 -0.14544 -0.14544 -0.14544 -0.14544 -0.14544 -0.14544 -0.14544 -0.14544 -0.14544 -0.14544 -0.14544
-0.14544 -0.14544 -0.14544 -0.14544 -0.14544 -0.14544 -0.14544 59.76803 171.04749 114.59816 -0.14544 -0.14544 9.63129 -0.14544 -0.14544 -0.14544 -0.14544 -0.14544 -0.14544 -0.14544 -0.14544 -0.14544 -0.14544 -0.14544 -0.14544 -0.14544 111.64698 62.49144 -0.14544 -0.14544 -0.14544 -0.14544
-0.14544 -0.14544 62.79977 48.82561 -0.14544 -0.14544 -0.14544 -0.14544 -0.14544 -0.14544 -0.14544 -0.14544 -0.14544 -0.14544 -0.14544 -0.14544 -0.14544 -0.14544 -0.14544 -0.14544 -0.14544 -0.14544 -0.14544 -0.14544 -0.14544 54.13145 270.25235 11.61338 -0.14544 -0.14544 -0.14544 -0.14544
-0.14544 -0.14544 -0.14544 -0.14544 -0.14544 -0.14544 -0.14544 -0.14544 -0.14544 -0.14544 -0.14544 -0.14544 -0.14544 -0.14544 -0.14544 -0.14544 -0.14544 -0.14544 -0.14544 -0.14544 -0.14544 -0.14544 -0.14544 -0.14544 -0.14544 -0.14544 -0.14544 -0.14544 -0.14544 -0.14544 -0.14544 -0.14544
