127.95313 28.04190 -0.33427 -0.33427 -0.33427 -0.33427 -0.33427 -0.33427 -0.33427 -0.33427 -0.33427 742.81726 511.51147 636.38599 835.38409 584.75531
160.09332 -0.33427 -0.33427 -0.33427 -0.33427 -0.33427 -0.33427 -0.33427 -0.33427 -0.33427 -0.33427 -0.33427 -0.33427 -0.33427 78.19650 -0.33427
-0.33427 -0.33427 -0.33427 -0.33427 -0.33427 -0.33427 -0.33427 -0.33427 -0.33427 603.87262 -0.33427 -0.33427 -0.33427 -0.33427 -0.33427 -0.33427
-0.33427 -0.33427 -0.33427 -0.33427 -0.33427 -0.33427 -0.33427 -0.33427 285.08365 67.17596 -0.33427 -0.33427 -0.33427 -0.33427 -0.33427 -0.33427
-0.33427 -0.33427 -0.33427 -0.33427 -0.33427 -0.33427 -0.33427 -0.33427 -0.33427 -0.33427 -0.33427 -0.33427 -0.33427 -0.33427 -0.33427 -0.33427
-0.33427 -0.33427 -0.33427 -0.33427 -0.33427 -0.33427 -0.33427 -0.33427 -0.33427 -0.33427 -0.33427 -0.33427 -0.33427 -0.33427 -0.33427 -0.33427
-0.33427 -0.33427 -0.33427 -0.33427 -0.33427 -0.33427 -0.33427 -0.33427 -0.33427 -0.33427 -0.33427 -0.33427 -0.33427 -0.33427 -0.33427 -0.33427
-0.33427 -0.33427 -0.33427 -0.33427 -0.33427 -0.33427 -0.33427 -0.33427 -0.33427 -0.33427 -0.33427 -0.33427 -0.33427 -0.33427 -0.33427 -0.33427
-0.33427 -0.33427 -0.33427 -0.33427 -0.33427 -0.33427 -0.33427 -0.33427 -0.33427 -0.33427 -0.33427 -0.33427 -0.33427 -0.33427 -0.33427 -0.33427
-0.33427 -0.33427 -0.33427 -0.33427 -0.33427 -0.33427 -0.33427 -0.33427 -0.33427 -0.33427 132.10014 74.90739 -0.33427 -0.33427 -0.33427 -0.33427
-0.33427 -0.33427 -0.33427 -0.33427 -0.33427 -0.33427 -0.33427 -0.33427 -0.33427 -0.33427 450.37427 772.37109 423.41098 -0.33427 -0.33427 -0.33427
-0.33427 -0.33427 -0.33427 -0.33427 -0.33427 -0.33427 -0.33427 -0.33427 -0.33427 -0.33427 -0.33427 377.99396 934.31537 -0.33427 -0.33427 -0.33427
-0.33427 -0.33427 -0.33427 -0.33427 -0.33427 -0.33427 -0.33427 -0.33427 -0.33427 -0.33427 -0.33427 -0.33427 36.05073 -0.33427 -0.33427 -0.33427
-0.33427 -0.33427 -0.33427 -0.33427 -0.33427 -0.33427 -0.33427 -0.33427 -0.33427 -0.33427 -0.33427 -0.33427 -0.33427 -0.33427 -0.33427 -0.33427
-0.33427 -0.33427 -0.33427 -0.33427 -0.33427 -0.33427 -0.33427 -0.33427 -0.33427 -0.33427 -0.33427 -0.33427 -0.33427 230.98886 145.22923 144.18506
-0.33427 -0.33427 -0.33427 -0.33427 -0.33427 -0.33427 -0.33427 -0.33427 -0.33427 -0.33427 -0.33427 -0.33427 -0.33427 -0.33427 -0.33427 187.36847
