289.40424 11.24232 -0.14544 -0.14544 -0.14544 -0.14544 -0.14544 -0.14544 -0.14544 -0.14544 -0.14544 -0.14544 -0.14544 -0.14544 126.77159 -0.14544
101.32825 -0.14544 68.93864 -0.14544 -0.14544 -0.14544 -0.14544 -0.14544 -0.14544 -0.14544 -0.14544 -0.14544 -0.14544 85.62629 -0.14544 4.85671
-0.14544 413.23013 -0.14544 -0.14544 -0.14544 -0.14544 -0.14544 -0.14544 134.10405 -0.14544 63.15684 246.24889 242.15259 -0.14544 -0.14544 -0.14544
66.37288 31.84728 -0.14544 8.57746 -0.14544 -0.14544 -0.14544 158.59497 -0.14544 40.66533 265.75739 113.51897 -0.14544 -0.14544 -0.14544 41.18230
-0.14544 -0.14544 -0.14544 -0.14544 -0.14544 239.37248 473.43710 -0.14544 -0.14544 53.16121 -0.14544 -0.14544 -0.14544 -0.14544 -0.14544 -0.14544
-0.14544 -0.14544 45.25764 -0.14544 -0.14544 494.38370 -0.14544 -0.14544 -0.14544 44.09383 48.28248 -0.14544 71.37780 -0.14544 -0.14544 -0.14544
-0.14544 27.45709 -0.14544 -0.14544 181.01320 -0.14544 -0.14544 -0.14544 184.11885 290.83014 22.98404 -0.14544 -0.14544 -0.14544 -0.14544 -0.14544
-0.14544 -0.14544 -0.14544 68.56007 45.43723 -0.14544 -0.14544 29.00640 21.50032 20.27934 -0.14544 -0.14544 -0.14544 -0.14544 -0.14544 -0.14544
442.23462 62.88673 101.43613 144.37984 -0.14544 -0.14544 -0.14544 210.74649 79.73025 -0.14544 -0.14544 5.77042 -0.14544 -0.14544 -0.14544 -0.14544
487.72809 -0.14544 -0.14544 -0.14544 32.71230 302.06250 135.94153 321.60260 -0.14544 64.01093 -0.14544 32.05986 -0.14544 -0.14544 -0.14544 -0.14544
299.74182 562.47388 -0.14544 117.35262 157.24350 48.27422 102.99094 312.15274 135.97522 303.85641 -0.14544 40.25409 -0.14544 -0.14544 -0.14544 -0.14544
-0.14544 -0.14544 331.09128 -0.14544 151.12068 513.01038 527.36493 330.29440 -0.14544 -0.14544 -0.14544 -0.14544 -0.14544 -0.14544 15.40738 -0.14544
-0.14544 -0.14544 361.06570 574.00977 562.96027 276.12906 -0.14544 -0.14544 -0.14544 -0.14544 -0.14544 51.11544 28.15492 -0.14544 -0.14544 -0.14544
-0.14544 -0.14544 -0.14544 -0.14544 -0.14544 -0.14544 -0.14544 -0.14544 -0.14544 37.51807 -0.14544 -0.14544 59.01524 -0.14544 -0.14544 28.75954
-0.14544 -0.14544 -0.14544 59.76803 171.04749 -0.14544 9.70698 37.63966 10.22874 -0.14544 -0.14544 -0.14544 -0.14544 111.64698 -0.14544 -0.14544
-0.14544 62.79977 -0.14544 -0.14544 -0.14544 -0.14544 -0.14544 -0.14544 -0.14544 -0.14544 -0.14544 -0.14544 54.13145 270.25235 -0.14544 -0.14544
