127.953 28.042 -0.33427 -0.33427 -0.33427 -0.33427 -0.33427 -0.33427 -0.33427 -0.33427 -0.33427 742.816 511.511 636.385 835.384 584.755 
160.093 -0.33427 -0.33427 -0.33427 -0.33427 -0.33427 -0.33427 -0.33427 -0.33427 -0.33427 -0.33427 -0.33427 -0.33427 -0.33427 78.1967 -0.33427 
-0.33427 -0.33427 -0.33427 -0.33427 -0.33427 -0.33427 -0.33427 -0.33427 -0.33427 603.872 -0.33427 -0.33427 -0.33427 -0.33427 -0.33427 -0.33427 
-0.33427 -0.33427 -0.33427 -0.33427 -0.33427 -0.33427 -0.33427 -0.33427 285.084 67.1769 -0.33427 -0.33427 -0.33427 -0.33427 -0.33427 -0.33427 
-0.33427 -0.33427 -0.33427 -0.33427 -0.33427 -0.33427 -0.33427 -0.33427 -0.33427 -0.33427 -0.33427 -0.33427 -0.33427 -0.33427 -0.33427 -0.33427 
-0.33427 -0.33427 -0.33427 -0.33427 -0.33427 -0.33427 -0.33427 -0.33427 -0.33427 -0.33427 -0.33427 -0.33427 -0.33427 -0.33427 -0.33427 -0.33427 
-0.33427 -0.33427 -0.33427 -0.33427 -0.33427 -0.33427 -0.33427 -0.33427 -0.33427 -0.33427 -0.33427 -0.33427 -0.33427 -0.33427 -0.33427 -0.33427 
-0.33427 -0.33427 -0.33427 -0.33427 -0.33427 -0.33427 -0.33427 -0.33427 -0.33427 -0.33427 -0.33427 -0.33427 -0.33427 -0.33427 -0.33427 -0.33427 
-0.33427 -0.33427 -0.33427 -0.33427 -0.33427 -0.33427 -0.33427 -0.33427 -0.33427 -0.33427 -0.33427 -0.33427 -0.33427 -0.33427 -0.33427 -0.33427 
-0.33427 -0.33427 -0.33427 -0.33427 -0.33427 -0.33427 -0.33427 -0.33427 -0.33427 -0.33427 132.101 74.9075 -0.33427 -0.33427 -0.33427 -0.33427 
-0.33427 -0.33427 -0.33427 -0.33427 -0.33427 -0.33427 -0.33427 -0.33427 -0.33427 -0.33427 450.375 772.372 423.411 -0.33427 -0.33427 -0.33427 
-0.33427 -0.33427 -0.33427 -0.33427 -0.33427 -0.33427 -0.33427 -0.33427 -0.33427 -0.33427 -0.33427 377.995 934.315 -0.33427 -0.33427 -0.33427 
-0.33427 -0.33427 -0.33427 -0.33427 -0.33427 -0.33427 -0.33427 -0.33427 -0.33427 -0.33427 -0.33427 -0.33427 36.0507 -0.33427 -0.33427 -0.33427 
-0.33427 -0.33427 -0.33427 -0.33427 -0.33427 -0.33427 -0.33427 -0.33427 -0.33427 -0.33427 -0.33427 -0.33427 -0.33427 -0.33427 -0.33427 -0.33427 
-0.33427 -0.33427 -0.33427 -0.33427 -0.33427 -0.33427 -0.33427 -0.33427 -0.33427 -0.33427 -0.33427 -0.33427 -0.33427 230.989 145.229 144.185 
-0.33427 -0.33427 -0.33427 -0.33427 -0.33427 -0.33427 -0.33427 -0.33427 -0.33427 -0.33427 -0.33427 -0.33427 -0.33427 -0.33427 -0.33427 187.368 
