289.404 -0.145444 -0.145444 11.2424 -0.145444 -0.145444 -0.145444 -0.145444 -0.145444 -0.145444 -0.145444 -0.145444 -0.145444 -0.145444 -0.145444 -0.145444 -0.145444 -0.145444 -0.145444 -0.145444 -0.145444 -0.145444 -0.145444 -0.145444 -0.145444 -0.145444 -0.145444 -0.145444 -0.145444 -0.145444 -0.145444 -0.145444 
-0.145444 -0.145444 -0.145444 -0.145444 -0.145444 -0.145444 -0.145444 -0.145444 -0.145444 -0.145444 -0.145444 -0.145444 -0.145444 -0.145444 -0.145444 -0.145444 -0.145444 -0.145444 -0.145444 -0.145444 -0.145444 -0.145444 -0.145444 -0.145444 -0.145444 -0.145444 -0.145444 -0.145444 126.772 42.7576 -0.145444 -0.145444 
101.328 13.7557 -0.145444 -0.145444 -0.145444 68.939 -0.145444 -0.145444 -0.145444 -0.145444 -0.145444 -0.145444 -0.145444 -0.145444 -0.145444 -0.145444 -0.145444 -0.145444 -0.145444 -0.145444 -0.145444 -0.145444 -0.145444 -0.145444 -0.145444 -0.145444 -0.145444 -0.145444 -0.145444 -0.145444 -0.145444 -0.145444 
-0.145444 -0.145444 -0.145444 -0.145444 -0.145444 -0.145444 -0.145444 -0.145444 -0.145444 -0.145444 -0.145444 -0.145444 -0.145444 -0.145444 -0.145444 -0.145444 -0.145444 -0.145444 -0.145444 -0.145444 -0.145444 -0.145444 -0.145444 -0.145444 -0.145444 -0.145444 85.6263 -0.145444 -0.145444 -0.145444 -0.145444 4.85677 
-0.145444 -0.145444 26.5493 413.23 -0.145444 -0.145444 -0.145444 -0.145444 -0.145444 -0.145444 -0.145444 -0.145444 -0.145444 -0.145444 -0.145444 -0.145444 -0.145444 134.104 -0.145444 -0.145444 -0.145444 -0.145444 -0.145444 -0.145444 152.533 242.153 -0.145444 -0.145444 -0.145444 -0.145444 -0.145444 -0.145444 
-0.145444 -0.145444 -0.145444 -0.145444 -0.145444 -0.145444 -0.145444 -0.145444 -0.145444 -0.145444 -0.145444 -0.145444 -0.145444 -0.145444 -0.145444 -0.145444 -0.145444 -0.145444 -0.145444 -0.145444 -0.145444 63.1568 40.6907 246.249 80.5609 -0.145444 -0.145444 -0.145444 -0.145444 -0.145444 -0.145444 -0.145444 
-0.145444 -0.145444 -0.145444 -0.145444 -0.145444 -0.145444 -0.145444 -0.145444 -0.145444 -0.145444 -0.145444 -0.145444 -0.145444 -0.145444 -0.145444 -0.145444 -0.145444 -0.145444 -0.145444 26.4532 100.573 265.757 113.519 -0.145444 -0.145444 -0.145444 -0.145444 -0.145444 -0.145444 -0.145444 41.1823 -0.145444 
-0.145444 66.3729 31.8473 -0.145444 -0.145444 -0.145444 8.57746 -0.145444 -0.145444 -0.145444 -0.145444 -0.145444 -0.145444 -0.145444 -0.145444 158.595 -0.145444 -0.145444 -0.145444 40.6652 18.7681 -0.145444 -0.145444 -0.145444 -0.145444 -0.145444 -0.145444 -0.145444 -0.145444 -0.145444 -0.145444 -0.145444 
-0.145444 -0.145444 -0.145444 -0.145444 -0.145444 -0.145444 -0.145444 -0.145444 -0.145444 -0.145444 -0.145444 -0.145444 175.584 143.284 -0.145444 -0.145444 -0.145444 -0.145444 -0.145444 -0.145444 -0.145444 -0.145444 -0.145444 -0.145444 -0.145444 -0.145444 -0.145444 -0.145444 -0.145444 -0.145444 -0.145444 -0.145444 
-0.145444 -0.145444 -0.145444 -0.145444 -0.145444 -0.145444 -0.145444 -0.145444 -0.145444 -0.145444 -0.145444 239.372 473.437 -0.145444 -0.145444 -0.145444 -0.145444 -0.145444 53.1612 -0.145444 -0.145444 -0.145444 -0.145444 -0.145444 -0.145444 -0.145444 -0.145444 -0.145444 -0.145444 -0.145444 -0.145444 -0.145444 
-0.145444 -0.145444 -0.145444 -0.145444 -0.145444 -0.145444 -0.145444 -0.145444 -0.145444 -0.145444 63.2374 494.384 -0.145444 -0.145444 -0.145444 -0.145444 -0.145444 -0.145444 -0.145444 -0.145444 -0.145444 -0.145444 -0.145444 -0.145444 71.3778 20.6178 -0.145444 -0.145444 -0.145444 -0.145444 -0.145444 -0.145444 
-0.145444 -0.145444 -0.145444 -0.145444 45.2576 -0.145444 -0.145444 -0.145444 -0.145444 -0.145444 432.204 -0.145444 -0.145444 -0.145444 -0.145444 -0.145444 -0.145444 -0.145444 35.1748 44.0938 48.2825 -0.145444 -0.145444 -0.145444 -0.145444 -0.145444 -0.145444 -0.145444 -0.145444 -0.145444 -0.145444 -0.145444 
-0.145444 -0.145444 27.4571 -0.145444 -0.145444 -0.145444 -0.145444 -0.145444 -0.145444 181.013 -0.145444 -0.145444 -0.145444 -0.145444 -0.145444 -0.145444 -0.145444 184.119 290.83 145.341 22.9841 -0.145444 -0.145444 -0.145444 -0.145444 -0.145444 -0.145444 -0.145444 -0.145444 -0.145444 -0.145444 -0.145444 
-0.145444 -0.145444 -0.145444 -0.145444 -0.145444 -0.145444 -0.145444 -0.145444 -0.145444 -0.145444 -0.145444 -0.145444 -0.145444 -0.145444 -0.145444 -0.145444 76.5164 1.34144 119.777 29.5615 -0.145444 -0.145444 -0.145444 -0.145444 -0.145444 -0.145444 -0.145444 -0.145444 -0.145444 -0.145444 -0.145444 -0.145444 
-0.145444 -0.145444 -0.145444 -0.145444 -0.145444 -0.145444 -0.145444 68.5599 45.4373 -0.145444 -0.145444 -0.145444 -0.145444 -0.145444 -0.145444 29.0064 -0.145444 -0.145444 -0.145444 -0.145444 -0.145444 -0.145444 -0.145444 -0.145444 -0.145444 -0.145444 -0.145444 -0.145444 -0.145444 -0.145444 -0.145444 -0.145444 
-0.145444 -0.145444 -0.145444 -0.145444 -0.145444 -0.145444 -0.145444 25.7439 -0.145444 -0.145444 -0.145444 -0.145444 -0.145444 -0.145444 -0.145444 -0.145444 -0.145444 21.5004 20.2793 -0.145444 -0.145444 -0.145444 -0.145444 -0.145444 -0.145444 -0.145444 -0.145444 -0.145444 -0.145444 -0.145444 -0.145444 -0.145444 
-0.145444 73.9152 62.8868 -0.145444 -0.145444 101.436 144.38 -0.145444 -0.145444 -0.145444 -0.145444 -0.145444 -0.145444 -0.145444 -0.145444 26.3097 29.218 79.7303 -0.145444 -0.145444 -0.145444 -0.145444 -0.145444 -0.145444 -0.145444 -0.145444 -0.145444 -0.145444 -0.145444 -0.145444 -0.145444 -0.145444 
442.235 246.908 -0.145444 -0.145444 -0.145444 35.2852 -0.145444 -0.145444 -0.145444 -0.145444 -0.145444 -0.145444 -0.145444 -0.145444 208.53 210.747 7.97224 -0.145444 -0.145444 -0.145444 -0.145444 -0.145444 -0.145444 5.77042 -0.145444 -0.145444 -0.145444 -0.145444 -0.145444 -0.145444 -0.145444 -0.145444 
487.728 -0.145444 -0.145444 -0.145444 -0.145444 -0.145444 -0.145444 -0.145444 -0.145444 -0.145444 -0.145444 169.534 -0.145444 135.942 321.603 41.7262 -0.145444 -0.145444 -0.145444 -0.145444 -0.145444 -0.145444 -0.145444 32.0599 -0.145444 -0.145444 -0.145444 -0.145444 -0.145444 -0.145444 -0.145444 -0.145444 
-0.145444 -0.145444 -0.145444 -0.145444 -0.145444 -0.145444 -0.145444 -0.145444 -0.145444 32.7123 302.063 196.464 -0.145444 1.16858 -0.145444 -0.145444 -0.145444 -0.145444 64.0109 36.2721 -0.145444 -0.145444 10.0916 27.7346 -0.145444 -0.145444 -0.145444 -0.145444 -0.145444 -0.145444 -0.145444 -0.145444 
-0.145444 -0.145444 413.731 32.8883 -0.145444 -0.145444 -0.145444 -0.145444 157.243 151.612 48.2742 -0.145444 -0.145444 -0.145444 11.9031 122.211 135.975 105.821 303.856 164.816 -0.145444 -0.145444 40.2541 9.39825 -0.145444 -0.145444 -0.145444 -0.145444 -0.145444 -0.145444 -0.145444 -0.145444 
-0.145444 299.742 562.474 -0.145444 -0.145444 -0.145444 -0.145444 117.353 155.313 -0.145444 -0.145444 -0.145444 -0.145444 102.991 312.153 308.529 97.8445 -0.145444 28.1226 -0.145444 -0.145444 -0.145444 -0.145444 -0.145444 -0.145444 -0.145444 -0.145444 -0.145444 -0.145444 -0.145444 -0.145444 -0.145444 
-0.145444 -0.145444 -0.145444 -0.145444 -0.145444 39.0796 -0.145444 -0.145444 -0.145444 -0.145444 -0.145444 76.2484 303.616 527.365 330.294 6.69794 -0.145444 -0.145444 -0.145444 -0.145444 -0.145444 -0.145444 -0.145444 -0.145444 -0.145444 -0.145444 -0.145444 -0.145444 15.4074 -0.145444 -0.145444 -0.145444 
-0.145444 -0.145444 -0.145444 -0.145444 331.091 -0.145444 -0.145444 -0.145444 -0.145444 151.121 513.01 371.223 163.18 -0.145444 -0.145444 -0.145444 -0.145444 -0.145444 -0.145444 -0.145444 -0.145444 -0.145444 -0.145444 -0.145444 -0.145444 -0.145444 -0.145444 -0.145444 -0.145444 -0.145444 -0.145444 -0.145444 
-0.145444 -0.145444 -0.145444 -0.145444 -0.145444 -0.145444 53.1155 85.3071 88.6975 562.96 276.129 -0.145444 -0.145444 -0.145444 -0.145444 -0.145444 -0.145444 -0.145444 -0.145444 -0.145444 -0.145444 -0.145444 -0.145444 23.1698 -0.145444 -0.145444 -0.145444 -0.145444 -0.145444 -0.145444 -0.145444 -0.145444 
-0.145444 -0.145444 -0.145444 -0.145444 -0.145444 361.066 574.01 131.688 252.752 -0.145444 -0.145444 -0.145444 -0.145444 -0.145444 -0.145444 -0.145444 -0.145444 -0.145444 -0.145444 -0.145444 -0.145444 -0.145444 -0.145444 51.1155 28.155 -0.145444 -0.145444 -0.145444 -0.145444 -0.145444 -0.145444 -0.145444 
-0.145444 -0.145444 -0.145444 -0.145444 -0.145444 -0.145444 -0.145444 -0.145444 -0.145444 -0.145444 -0.145444 -0.145444 -0.145444 -0.145444 -0.145444 -0.145444 -0.145444 -0.145444 -0.145444 -0.145444 -0.145444 -0.145444 -0.145444 -0.145444 -0.145444 13.4854 -0.145444 -0.145444 -0.145444 -0.145444 -0.145444 -0.145444 
-0.145444 -0.145444 -0.145444 -0.145444 -0.145444 -0.145444 -0.145444 -0.145444 -0.145444 -0.145444 -0.145444 -0.145444 -0.145444 -0.145444 -0.145444 -0.145444 -0.145444 -0.145444 37.5181 -0.145444 -0.145444 -0.145444 -0.145444 -0.145444 -0.145444 59.0152 -0.145444 -0.145444 -0.145444 -0.145444 -0.145444 28.7595 
-0.145444 -0.145444 -0.145444 -0.145444 -0.145444 -0.145444 -0.145444 -0.145444 -0.145444 -0.145444 -0.145444 -0.145444 -0.145444 9.70696 37.6398 17.2158 -0.145444 10.2288 -0.145444 -0.145444 -0.145444 -0.145444 -0.145444 -0.145444 -0.145444 -0.145444 -0.145444 -0.145444 -0.145444 -0.145444 -0.145444 -0.145444 
-0.145444 -0.145444 -0.145444 -0.145444 -0.145444 -0.145444 -0.145444 59.768 171.047 114.598 -0.145444 -0.145444 9.63126 -0.145444 -0.145444 -0.145444 -0.145444 -0.145444 -0.145444 -0.145444 -0.145444 -0.145444 -0.145444 -0.145444 -0.145444 -0.145444 111.647 62.4914 -0.145444 -0.145444 -0.145444 -0.145444 
-0.145444 -0.145444 62.7997 48.8256 -0.145444 -0.145444 -0.145444 -0.145444 -0.145444 -0.145444 -0.145444 -0.145444 -0.145444 -0.145444 -0.145444 -0.145444 -0.145444 -0.145444 -0.145444 -0.145444 -0.145444 -0.145444 -0.145444 -0.145444 -0.145444 54.1315 270.252 11.6134 -0.145444 -0.145444 -0.145444 -0.145444 
-0.145444 -0.145444 -0.145444 -0.145444 -0.145444 -0.145444 -0.145444 -0.145444 -0.145444 -0.145444 -0.145444 -0.145444 -0.145444 -0.145444 -0.145444 -0.145444 -0.145444 -0.145444 -0.145444 -0.145444 -0.145444 -0.145444 -0.145444 -0.145444 -0.145444 -0.145444 -0.145444 -0.145444 -0.145444 -0.145444 -0.145444 -0.145444 
