9.605815 0.000000 0.000000 0.377793 0.000000 0.000000 0.000000 0.000000 0.000000 0.000000 0.000000 0.000000 0.000000 0.000000 0.000000 0.000000 0.000000 0.000000 0.000000 0.000000 0.000000 0.000000 0.000000 0.000000 0.000000 0.000000 0.000000 0.000000 0.000000 0.000000 0.000000 0.000000 
0.000000 0.000000 0.000000 0.000000 0.000000 0.000000 0.000000 0.000000 0.000000 0.000000 0.000000 0.000000 0.000000 0.000000 0.000000 0.000000 0.000000 0.000000 0.000000 0.000000 0.000000 0.000000 0.000000 0.000000 0.000000 0.000000 0.000000 0.000000 4.210474 1.423310 0.000000 0.000000 
3.366395 0.461170 0.000000 0.000000 0.000000 2.291877 0.000000 0.000000 0.000000 0.000000 0.000000 0.000000 0.000000 0.000000 0.000000 0.000000 0.000000 0.000000 0.000000 0.000000 0.000000 0.000000 0.000000 0.000000 0.000000 0.000000 0.000000 0.000000 0.000000 0.000000 0.000000 0.000000 
0.000000 0.000000 0.000000 0.000000 0.000000 0.000000 0.000000 0.000000 0.000000 0.000000 0.000000 0.000000 0.000000 0.000000 0.000000 0.000000 0.000000 0.000000 0.000000 0.000000 0.000000 0.000000 0.000000 0.000000 0.000000 0.000000 2.845477 0.000000 0.000000 0.000000 0.000000 0.165948 
0.000000 0.000000 0.885600 13.713740 0.000000 0.000000 0.000000 0.000000 0.000000 0.000000 0.000000 0.000000 0.000000 0.000000 0.000000 0.000000 0.000000 4.453734 0.000000 0.000000 0.000000 0.000000 0.000000 0.000000 5.065111 8.038239 0.000000 0.000000 0.000000 0.000000 0.000000 0.000000 
0.000000 0.000000 0.000000 0.000000 0.000000 0.000000 0.000000 0.000000 0.000000 0.000000 0.000000 0.000000 0.000000 0.000000 0.000000 0.000000 0.000000 0.000000 0.000000 0.000000 0.000000 2.100053 1.354739 8.174134 2.677434 0.000000 0.000000 0.000000 0.000000 0.000000 0.000000 0.000000 
0.000000 0.000000 0.000000 0.000000 0.000000 0.000000 0.000000 0.000000 0.000000 0.000000 0.000000 0.000000 0.000000 0.000000 0.000000 0.000000 0.000000 0.000000 0.000000 0.882410 3.341329 8.821330 3.770818 0.000000 0.000000 0.000000 0.000000 0.000000 0.000000 0.000000 1.371047 0.000000 
0.000000 2.206746 1.061360 0.000000 0.000000 0.000000 0.289382 0.000000 0.000000 0.000000 0.000000 0.000000 0.000000 0.000000 0.000000 5.266210 0.000000 0.000000 0.000000 1.353894 0.627459 0.000000 0.000000 0.000000 0.000000 0.000000 0.000000 0.000000 0.000000 0.000000 0.000000 0.000000 
0.000000 0.000000 0.000000 0.000000 0.000000 0.000000 0.000000 0.000000 0.000000 0.000000 0.000000 0.000000 5.829823 4.758277 0.000000 0.000000 0.000000 0.000000 0.000000 0.000000 0.000000 0.000000 0.000000 0.000000 0.000000 0.000000 0.000000 0.000000 0.000000 0.000000 0.000000 0.000000 
0.000000 0.000000 0.000000 0.000000 0.000000 0.000000 0.000000 0.000000 0.000000 0.000000 0.000000 7.946011 15.711104 0.000000 0.000000 0.000000 0.000000 0.000000 1.768447 0.000000 0.000000 0.000000 0.000000 0.000000 0.000000 0.000000 0.000000 0.000000 0.000000 0.000000 0.000000 0.000000 
0.000000 0.000000 0.000000 0.000000 0.000000 0.000000 0.000000 0.000000 0.000000 0.000000 2.102726 16.406012 0.000000 0.000000 0.000000 0.000000 0.000000 0.000000 0.000000 0.000000 0.000000 0.000000 0.000000 0.000000 2.372784 0.688821 0.000000 0.000000 0.000000 0.000000 0.000000 0.000000 
0.000000 0.000000 0.000000 0.000000 1.506247 0.000000 0.000000 0.000000 0.000000 0.000000 14.343204 0.000000 0.000000 0.000000 0.000000 0.000000 0.000000 0.000000 1.171749 1.467639 1.606597 0.000000 0.000000 0.000000 0.000000 0.000000 0.000000 0.000000 0.000000 0.000000 0.000000 0.000000 
0.000000 0.000000 0.915715 0.000000 0.000000 0.000000 0.000000 0.000000 0.000000 6.009939 0.000000 0.000000 0.000000 0.000000 0.000000 0.000000 0.000000 6.112973 9.653119 4.826526 0.767321 0.000000 0.000000 0.000000 0.000000 0.000000 0.000000 0.000000 0.000000 0.000000 0.000000 0.000000 
0.000000 0.000000 0.000000 0.000000 0.000000 0.000000 0.000000 0.000000 0.000000 0.000000 0.000000 0.000000 0.000000 0.000000 0.000000 0.000000 2.543256 0.049328 3.978442 0.985530 0.000000 0.000000 0.000000 0.000000 0.000000 0.000000 0.000000 0.000000 0.000000 0.000000 0.000000 0.000000 
0.000000 0.000000 0.000000 0.000000 0.000000 0.000000 0.000000 2.279302 1.512207 0.000000 0.000000 0.000000 0.000000 0.000000 0.000000 0.967112 0.000000 0.000000 0.000000 0.000000 0.000000 0.000000 0.000000 0.000000 0.000000 0.000000 0.000000 0.000000 0.000000 0.000000 0.000000 0.000000 
0.000000 0.000000 0.000000 0.000000 0.000000 0.000000 0.000000 0.858880 0.000000 0.000000 0.000000 0.000000 0.000000 0.000000 0.000000 0.000000 0.000000 0.718100 0.677593 0.000000 0.000000 0.000000 0.000000 0.000000 0.000000 0.000000 0.000000 0.000000 0.000000 0.000000 0.000000 0.000000 
0.000000 2.456964 2.091094 0.000000 0.000000 3.369970 4.794629 0.000000 0.000000 0.000000 0.000000 0.000000 0.000000 0.000000 0.000000 0.877650 0.974133 2.649878 0.000000 0.000000 0.000000 0.000000 0.000000 0.000000 0.000000 0.000000 0.000000 0.000000 0.000000 0.000000 0.000000 0.000000 
14.675963 8.195992 0.000000 0.000000 0.000000 1.175413 0.000000 0.000000 0.000000 0.000000 0.000000 0.000000 0.000000 0.000000 6.922814 6.996344 0.269304 0.000000 0.000000 0.000000 0.000000 0.000000 0.000000 0.196259 0.000000 0.000000 0.000000 0.000000 0.000000 0.000000 0.000000 0.000000 
16.185217 0.000000 0.000000 0.000000 0.000000 0.000000 0.000000 0.000000 0.000000 0.000000 0.000000 5.629103 0.000000 4.514687 10.673995 1.389092 0.000000 0.000000 0.000000 0.000000 0.000000 0.000000 0.000000 1.068412 0.000000 0.000000 0.000000 0.000000 0.000000 0.000000 0.000000 0.000000 
0.000000 0.000000 0.000000 0.000000 0.000000 0.000000 0.000000 0.000000 0.000000 1.090056 10.025754 6.522538 0.000000 0.043593 0.000000 0.000000 0.000000 0.000000 2.128388 1.208151 0.000000 0.000000 0.339614 0.924922 0.000000 0.000000 0.000000 0.000000 0.000000 0.000000 0.000000 0.000000 
0.000000 0.000000 13.730346 1.095895 0.000000 0.000000 0.000000 0.000000 5.221381 5.034547 1.606323 0.000000 0.000000 0.000000 0.399711 4.059165 4.515805 3.515432 10.085267 5.472588 0.000000 0.000000 1.340255 0.316612 0.000000 0.000000 0.000000 0.000000 0.000000 0.000000 0.000000 0.000000 
0.000000 9.948762 18.664904 0.000000 0.000000 0.000000 0.000000 3.897999 5.157338 0.000000 0.000000 0.000000 0.000000 3.421551 10.360497 10.240294 3.250817 0.000000 0.937792 0.000000 0.000000 0.000000 0.000000 0.000000 0.000000 0.000000 0.000000 0.000000 0.000000 0.000000 0.000000 0.000000 
0.000000 0.000000 0.000000 0.000000 0.000000 1.301292 0.000000 0.000000 0.000000 0.000000 0.000000 2.534366 10.077277 17.500164 10.962347 0.227029 0.000000 0.000000 0.000000 0.000000 0.000000 0.000000 0.000000 0.000000 0.000000 0.000000 0.000000 0.000000 0.515966 0.000000 0.000000 0.000000 
0.000000 0.000000 0.000000 0.000000 10.988786 0.000000 0.000000 0.000000 0.000000 5.018257 17.023951 12.320138 5.418314 0.000000 0.000000 0.000000 0.000000 0.000000 0.000000 0.000000 0.000000 0.000000 0.000000 0.000000 0.000000 0.000000 0.000000 0.000000 0.000000 0.000000 0.000000 0.000000 
0.000000 0.000000 0.000000 0.000000 0.000000 0.000000 1.766932 2.834890 2.947366 18.681040 9.165410 0.000000 0.000000 0.000000 0.000000 0.000000 0.000000 0.000000 0.000000 0.000000 0.000000 0.000000 0.000000 0.773482 0.000000 0.000000 0.000000 0.000000 0.000000 0.000000 0.000000 0.000000 
0.000000 0.000000 0.000000 0.000000 0.000000 11.983180 19.047609 4.373563 8.389883 0.000000 0.000000 0.000000 0.000000 0.000000 0.000000 0.000000 0.000000 0.000000 0.000000 0.000000 0.000000 0.000000 0.000000 1.700581 0.938866 0.000000 0.000000 0.000000 0.000000 0.000000 0.000000 0.000000 
0.000000 0.000000 0.000000 0.000000 0.000000 0.000000 0.000000 0.000000 0.000000 0.000000 0.000000 0.000000 0.000000 0.000000 0.000000 0.000000 0.000000 0.000000 0.000000 0.000000 0.000000 0.000000 0.000000 0.000000 0.000000 0.452202 0.000000 0.000000 0.000000 0.000000 0.000000 0.000000 
0.000000 0.000000 0.000000 0.000000 0.000000 0.000000 0.000000 0.000000 0.000000 0.000000 0.000000 0.000000 0.000000 0.000000 0.000000 0.000000 0.000000 0.000000 1.249488 0.000000 0.000000 0.000000 0.000000 0.000000 0.000000 1.962656 0.000000 0.000000 0.000000 0.000000 0.000000 0.958923 
0.000000 0.000000 0.000000 0.000000 0.000000 0.000000 0.000000 0.000000 0.000000 0.000000 0.000000 0.000000 0.000000 0.326854 1.253525 0.575959 0.000000 0.344165 0.000000 0.000000 0.000000 0.000000 0.000000 0.000000 0.000000 0.000000 0.000000 0.000000 0.000000 0.000000 0.000000 0.000000 
0.000000 0.000000 0.000000 0.000000 0.000000 0.000000 0.000000 1.987631 5.679326 3.806625 0.000000 0.000000 0.324342 0.000000 0.000000 0.000000 0.000000 0.000000 0.000000 0.000000 0.000000 0.000000 0.000000 0.000000 0.000000 0.000000 3.708716 2.077979 0.000000 0.000000 0.000000 0.000000 
0.000000 0.000000 2.088207 1.624616 0.000000 0.000000 0.000000 0.000000 0.000000 0.000000 0.000000 0.000000 0.000000 0.000000 0.000000 0.000000 0.000000 0.000000 0.000000 0.000000 0.000000 0.000000 0.000000 0.000000 0.000000 1.800640 8.970452 0.390099 0.000000 0.000000 0.000000 0.000000 
0.000000 0.000000 0.000000 0.000000 0.000000 0.000000 0.000000 0.000000 0.000000 0.000000 0.000000 0.000000 0.000000 0.000000 0.000000 0.000000 0.000000 0.000000 0.000000 0.000000 0.000000 0.000000 0.000000 0.000000 0.000000 0.000000 0.000000 0.000000 0.000000 0.000000 0.000000 0.000000 
