289.404 11.2424 -0.145444 -0.145444 -0.145444 -0.145444 -0.145444 -0.145444 -0.145444 -0.145444 -0.145444 -0.145444 -0.145444 -0.145444 126.772 -0.145444 
101.328 -0.145444 68.939 -0.145444 -0.145444 -0.145444 -0.145444 -0.145444 -0.145444 -0.145444 -0.145444 -0.145444 -0.145444 85.6263 -0.145444 4.85677 
-0.145444 413.23 -0.145444 -0.145444 -0.145444 -0.145444 -0.145444 -0.145444 134.104 -0.145444 63.1568 246.249 242.153 -0.145444 -0.145444 -0.145444 
66.3729 31.8473 -0.145444 8.57746 -0.145444 -0.145444 -0.145444 158.595 -0.145444 40.6652 265.757 113.519 -0.145444 -0.145444 -0.145444 41.1823 
-0.145444 -0.145444 -0.145444 -0.145444 -0.145444 239.372 473.437 -0.145444 -0.145444 53.1612 -0.145444 -0.145444 -0.145444 -0.145444 -0.145444 -0.145444 
-0.145444 -0.145444 45.2576 -0.145444 -0.145444 494.384 -0.145444 -0.145444 -0.145444 44.0938 48.2825 -0.145444 71.3778 -0.145444 -0.145444 -0.145444 
-0.145444 27.4571 -0.145444 -0.145444 181.013 -0.145444 -0.145444 -0.145444 184.119 290.83 22.9841 -0.145444 -0.145444 -0.145444 -0.145444 -0.145444 
-0.145444 -0.145444 -0.145444 68.5599 45.4373 -0.145444 -0.145444 29.0064 21.5004 20.2793 -0.145444 -0.145444 -0.145444 -0.145444 -0.145444 -0.145444 
442.235 62.8868 101.436 144.38 -0.145444 -0.145444 -0.145444 210.747 79.7303 -0.145444 -0.145444 5.77042 -0.145444 -0.145444 -0.145444 -0.145444 
487.728 -0.145444 -0.145444 -0.145444 32.7123 302.063 135.942 321.603 -0.145444 64.0109 -0.145444 32.0599 -0.145444 -0.145444 -0.145444 -0.145444 
299.742 562.474 -0.145444 117.353 157.243 48.2742 102.991 312.153 135.975 303.856 -0.145444 40.2541 -0.145444 -0.145444 -0.145444 -0.145444 
-0.145444 -0.145444 331.091 -0.145444 151.121 513.01 527.365 330.294 -0.145444 -0.145444 -0.145444 -0.145444 -0.145444 -0.145444 15.4074 -0.145444 
-0.145444 -0.145444 361.066 574.01 562.96 276.129 -0.145444 -0.145444 -0.145444 -0.145444 -0.145444 51.1155 28.155 -0.145444 -0.145444 -0.145444 
-0.145444 -0.145444 -0.145444 -0.145444 -0.145444 -0.145444 -0.145444 -0.145444 -0.145444 37.5181 -0.145444 -0.145444 59.0152 -0.145444 -0.145444 28.7595 
-0.145444 -0.145444 -0.145444 59.768 171.047 -0.145444 9.70696 37.6398 10.2288 -0.145444 -0.145444 -0.145444 -0.145444 111.647 -0.145444 -0.145444 
-0.145444 62.7997 -0.145444 -0.145444 -0.145444 -0.145444 -0.145444 -0.145444 -0.145444 -0.145444 -0.145444 -0.145444 54.1315 270.252 -0.145444 -0.145444 
