0.973344
0
0.462354
0
1.17361
0
0.422386
0
1.22259
0
0
0.496688
0.799671
0.426167
0.398687
0.122688
0.372733
0.0666495
0.507906
0
0.530695
0
0.495204
1.18754
1.4083
1.46501
0.476615
0.186527
0
0.411123
0.761431
1.27829
1.17852
1.34074
1.06552
0
0.903568
0
0.923672
0
0.101155
0.399749
1.09365
0
1.68816
0
0.365598
0.223991
0
0
0
0.307613
0.548548
0.328157
0
0
0
0.254254
0
0.387591
0.0598152
0.0461314
0.905796
0.630417
0
0
0.250341
0.862182
0
0
0.585369
0.0581936
0
0.624921
0
0
0.940855
0
0
0.458367
0.773724
1.02094
0
1.37727
0.887141
1.35894
0
0.520743
0
0.111181
0
0
1.48181
1.30936
0
0
0.902694
0.280344
0
0
1.98134
0
0
0.428843
0.0983331
0.787466
0.0165841
0
0
0.628355
0.158835
0.239594
0.753583
0.131504
0
0
0
0.822148
0.785294
0.227271
0.659434
0.100703
0
0.149746
0
0
0.466347
0.423746
0.0242761
0.236137
0
0.643608
0.300882
0.747453
0.81692
0.736658
0.00311795
0
0.709436
0
0
1.57392
0
0.706124
0
1.09772
1.6057
0.988032
0
0.0154911
0.202061
0.558735
0.28203
0.840819
0
0.128918
1.04214
0
0.379109
0.336607
0.820165
0
0
0.58591
0.774903
0.210281
0
0
0
0.980231
0.876842
0
0.938441
0.000290109
0.104411
0.970822
0.329577
0.0551919
0.369287
0.626167
0.713071
0
0.973116
0.185193
0
0
0
0
0.756613
0.783372
0
1.04909
0
1.14059
0.679078
1.56666
0
1.65297
0
0.560021
0.172081
0
0.307748
1.42508
1.03199
0
0
0.0229678
0.87162
1.01676
0
0.532873
0.200717
0.693511
0
0.279195
0.486943
0.193275
0
0
1.12209
0.353392
0.788024
0.688717
0.0177599
0
1.29516
0
0
0
0.318815
1.01804
0.372584
0.130711
0.0644392
0
0.0369957
0.367631
0.466502
0
0.290218
0
0
0.426788
0
0.488842
0
0.554203
1.07699
0
1.82048
0.811724
0
0
0.309022
0.778034
0
1.24731
0
1.67598
0.767983
0.373325
0.352144
0
0
0.221811
0
0.188256
1.308
0
1.13951
0.410242
0.431944
0
0.969794
0.111021
0.219597
0
1.97142
0
0.14598
0.518758
0.862041
0.694287
0
0
0.648595
1.36482
0
0
1.61645
0
0
0
0.829395
0.475328
0
0.25448
0.732469
1.3883
1.51484
0.741714
0.404114
0
0.542044
0.50203
0.374253
1.02594
0
0
0.427374
0.532939
0
0.81146
0
0.0592857
1.43866
0
0.342545
0
0.416145
0.0535606
0
0.842106
0.689702
0.423475
0
0.922562
1.94825
1.21009
0
0.599911
0
0
0.6593
1.32191
0
0.0972399
0.225266
0.0222804
0
0.0567529
0.738945
1.38563
0
0.0952817
0
1.59539
0.280638
0.364022
0.0239576
0
0
0
0
0
0.00755141
0.529221
1.3128
0.966428
0.491932
0.493495
1.67895
0
0.472341
0.776553
0
0
0
0.225646
0.340299
0
0.792301
0.191556
0
0.26986
1.18833
0.601665
0.158954
0
0.467971
0
0.305616
0.87278
0
0
0.202159
0
0.808766
0
0
0.346412
1.7839
0.00551071
0
0
0.143097
0
0.0599176
0.693038
0.948165
0
0.162746
0
1.08
0
1.15545
0.888901
0.732417
0
0.524122
0.40183
0
1.01792
0
0
0.597797
0
0.603504
0.769019
0.0702679
1.40668
0
0.207663
0
1.15464
0
0.0692002
0.920793
0.506595
0
0
0
1.41214
0.107624
0
0.50091
0
1.20644
1.51239
0
0.213807
0.665389
0.369128
0
0
0.17509
0.952743
0.235904
0.0265017
1.63216
1.13568
0.861989
0
0
0.836675
0
0.590541
1.20685
0.412035
0.173867
0.0220759
1.63892
0
0.147131
0.0525079
0.12357
0
1.52596
0
0.228876
0
0
0.993808
0
0.364325
0
1.59436
0
0
0.784438
1.08519
0
0.190948
0
0.49257
0.0341986
1.17299
0.934463
0.65838
0
0
0.706701
0.0636037
0.928004
0
0
0.252639
0.104917
0
0.768557
0.390992
1.49323
0.673485
0
0
1.26771
0.404897
0.0973291
0
0
0
0.831937
1.51246
0
0.765243
0.379814
0.183133
0
0
0.674348
0.119745
0.472841
0.742166
1.64932
0
0
0
0
0.194591
0.2513
1.42738
0.167502
0.250942
0.384124
0
0.64086
0
0
1.0106
0
0.311724
0.0377373
0.714833
0
1.13316
0
0
0.551788
0.843248
0.710368
0.406064
0
0.029375
0.714058
0
0.429933
0.316437
0
0
1.46168
0
0.18527
1.15249
0
0
0.932137
0
0.878672
0
0.288369
0.794626
0.670055
0
0
0.838698
0
1.2206
0
0.366695
0.314635
0
2.5837
0
0.620463
0
0
0
0.0954324
0.00700262
0.128379
0.467365
0.124032
0.330223
0
0
0.364077
1.28703
0.266492
0
0.428977
0
0
0
0.772839
0.0433191
0.940109
0.0965359
0
0
0.151587
0
0
0.375026
0.344444
0.162242
0.953729
0
0
1.07891
0.523435
0.672877
0.539369
0
0
0
0.463729
1.02232
0
0.419422
0.121706
0.55818
0.821652
2.05506
0.250301
0.281836
0.236417
1.82904
0.110484
0.337141
0.128215
0.459548
0
0
0
0.135231
0.0999126
0.622088
0.230449
0.409585
0
0.395507
0
0.410558
0
0
0.339446
0.2632
0
0.356184
0.722568
0.244678
0
0
0.202639
0.0159014
0
0
0.220705
0
0.446809
0.163986
0
0.596332
0
0
0.349411
0.0214966
0
0
0.172755
0
0
1.24694
0.551619
0
0.691397
0
0.27717
0.0612803
0.912303
1.11583
0
0.644043
0.875983
0.673112
0.674286
0.758376
1.0871
0
0
0
0
0.656775
0
0
0.515437
0.280394
0
0.842568
0
0
0.728569
0.566362
0.594116
0
0.68286
0.807566
0
0
1.32976
0
0
0
0
0.0341866
0.544557
0.549045
0.260748
0.385486
0.829987
0.56937
0
1.19554
0
0
0
0
0.184568
0.539347
0
0.904526
1.44807
0.520959
0
0
0
0
0
0
0
0.403211
0.51771
0.113372
0.191435
0.123466
0.11544
1.25231
0.626207
1.12087
0.749473
1.41094
0.892715
0.547103
1.46364
0
0.223563
0.552596
0.58753
0.665432
0.408487
0.0651053
0.223764
0
1.67257
0
1.16553
0
0
0.098492
0.81317
1.10479
1.23381
0.070875
0
0
0
0.48913
0.654129
0.330052
0
0.732744
0
0.571875
0.504367
0.146158
0.826018
0.980154
0.00973407
0.831235
0
0.332336
1.3193
0.833721
0.578644
0
0.354017
0.745926
0.223278
0.868353
0
0
0.872823
0.864633
0
1.18584
0
0.710202
0.684812
0.392766
0
0.104412
0.0850579
1.3467
0.486099
0.776522
0.181988
0
0.736928
1.22601
0
0.0410384
1.45273
0.776696
0
0.976435
0
0
0.714405
0
1.05293
0
1.17226
0
0
0.907325
0.591872
0
0
0.975031
0.637351
0
0.373228
0.714311
1.29505
0
0
0.869902
0
0.255646
0.635632
0.946184
0
0
1.03744
0
0.692718
0.783059
0.0966051
0.237841
1.67576
1.8328
1.17827
0.403581
2.162
0.333737
0.7027
0.541755
0
0.161373
0
0
0
0.37718
0.405812
0
0
0.311645
1.37117
0
0.0195797
0
1.6528
0
0
0.369621
0
0
0.515133
0.448802
0
0.154244
0.361258
1.52934
0
0
0.404658
0
0.205705
0
1.01226
0.543697
0.171186
0.309372
0
0.41687
0
0.893989
0
0
0.52643
1.22001
0
0
0.899347
1.12637
0
0.609173
0
0.0270277
0
1.18885
0.100647
0
0
0.277588
0.260756
1.2759
1.00146
0
0.606099
1.05921
0
0
0
0
0.0444395
0.0832293
0
0.651897
1.01415
0.101389
0.32736
0.624393
0.0303695
0
1.53378
0.690677
0
0
0.279118
0.309099
0.112778
0
0.289145
0
0
0.631924
0
0.547862
0
0.398419
0.267025
0.916407
0.298285
0
0.234177
0.93899
0
0.356665
1.65641
0
0
0
0
1.02913
0.276987
0.307582
0
0.660674
0.227195
0
0.694282
0.08652
0.85452
0
0
0
0.483501
0.132996
0
0
0
0
0
0
0.0807394
0.518146
0
0.210551
0.87207
0.561232
0.226148
1.39833
1.66429
0.311112
0.0852513
0
1.27596
0.21071
0.282186
0.283344
0.32116
0
