-0.677034
-1.41749
-0.631879
-0.146772
-2.5139
0.306451
0.182381
-1.64447
-0.917571
-0.462336
-1.49384
-1.32174
-0.975293
0.0430993
-3.23955
0.0435603
-0.640226
-0.500759
0.546778
-1.08693
0.866862
-0.505563
-1.14232
-2.08976
-0.236093
0.792107
2.00748
0.0903313
-1.45197
-0.30939
-1.3023
-2.71677
-3.82758
0.762119
-0.325974
-0.600981
-0.891485
-1.74182
-2.4586
1.27471
-2.77821
-0.322019
-0.0936504
-1.71984
2.08699
-1.67126
0.20022
-2.40947
0.286404
-2.1998
-0.499965
0.550743
-1.72812
-0.414935
1.06916
2.39398
-1.59621
-1.28164
-1.89172
-0.767105
-1.3622
0.34055
-0.184432
0.48548
-1.65241
-1.58172
-0.96396
1.84858
1.50353
-0.129038
-2.2885
-0.728012
-1.87221
0.770594
-0.906274
-0.474327
-2.53977
-1.40053
-2.10837
-2.14796
-0.379918
1.29966
-1.07697
-0.0294213
2.00957
-1.93767
-0.77902
1.58172
-0.799345
-1.86706
-1.2548
-0.102512
-0.0393017
-1.72025
0.142808
1.90082
-0.661867
0.373422
-0.16827
1.51168
-0.292314
1.22827
-2.29525
-2.1565
1.06253
-0.412058
-1.69044
-0.796809
-2.47111
0.817845
0.391637
1.54806
-1.92036
-2.14471
0.338291
-1.64619
-2.6383
-2.61405
-0.467506
-1.24576
-0.292453
-1.68069
-1.70325
0.205841
-0.837233
-0.680857
-1.02783
0.224229
-1.83465
0.248937
-1.51142
3.60125
-1.85402
3.3537
-0.819107
0.18939
-0.60904
-1.49297
0.553461
-1.41826
1.13812
0.191115
-0.944786
0.731194
-0.357609
0.998206
-0.931837
-0.814245
0.851837
2.30168
-0.303696
-1.21493
-1.24482
2.26373
-1.05931
1.60328
-0.690714
1.23159
0.94077
-0.465181
4.37501
0.702871
0.444109
-3.12726
1.00862
0.485316
1.70058
-0.321613
3.1849
0.896583
-0.868237
-0.231998
1.07813
1.01217
1.35228
-1.20118
-0.319753
-2.47057
-0.318986
-0.0624384
-0.61716
-0.683665
0.867765
-1.74486
-0.458265
-2.08449
0.620257
1.1254
-0.522583
-2.6269
-0.300848
-1.31759
1.49941
1.90632
-0.765489
-1.20913
-1.86068
1.28442
-0.30962
-1.23007
-1.24254
-3.21928
-0.343014
-0.587896
-0.292922
-1.36679
-1.04168
-0.953094
-3.41104
-0.686913
-2.81724
-2.01096
-0.676219
0.279318
-1.52071
0.425218
1.33928
1.7038
0.854479
-0.676908
0.411186
1.6348
-0.277903
-0.948647
-2.43324
-0.648142
-0.63279
-1.97692
-0.069419
-2.74497
1.37881
-0.584014
-0.14066
1.23327
-1.14554
-2.84667
-0.109534
-1.15815
0.734034
-0.148878
0.266186
-0.412617
-0.327124
0.46501
0.181965
-0.578734
-1.52474
1.45966
-1.42341
-2.47759
0.49322
1.22832
1.19719
0.365364
-1.65033
-0.89919
-0.732982
1.29373
0.33522
0.693218
-3.38655
1.54509
-0.0891991
-2.71375
-1.07727
1.9093
3.29369
-2.84287
-1.45445
-1.87825
-0.324771
-0.225007
0.913617
-0.77096
0.229256
-0.977629
-0.525083
-1.02299
0.945984
0.756123
0.928315
-0.0986703
1.2681
1.26688
-0.380555
-0.200813
0.641334
0.448151
-1.15499
-1.15856
0.149262
-0.913972
-0.367075
-0.77367
-0.180005
1.53202
-1.92892
-1.86358
-1.84722
-1.47975
-3.50943
-1.98033
-1.88643
-0.0257821
-1.77678
-0.100287
0.0606765
-2.23686
2.17661
-2.82486
0.0734779
1.4331
0.414071
2.34606
-0.636511
-1.52057
1.26458
-0.540051
1.93527
-2.07278
-0.0392743
-1.11104
1.32974
1.32068
-0.000188166
2.5637
0.74817
0.33075
-0.256173
-0.500222
0.598438
-0.0772374
-2.02696
-0.659534
1.08
0.368292
-0.410958
0.0462766
-0.381004
0.660637
0.944129
0.526413
0.962517
-0.486944
-0.0954436
1.63997
-0.480591
-1.32488
-1.76427
-0.687495
-0.79413
0.605441
-1.15909
-1.20978
-1.53258
1.41738
1.97014
1.18662
-0.181763
-1.38018
1.39911
-0.729153
0.778338
-0.542092
-0.675052
0.302833
-3.17519
0.292023
0.310828
2.09916
-1.18575
-2.31837
-1.26699
0.395841
-0.825119
0.0240796
-1.93283
0.188964
0.303712
0.00201187
-0.244948
-0.650841
-3.34474
-0.563982
0.990095
-1.39605
0.333465
0.83432
1.56715
-0.789469
2.55188
-2.83183
-3.57936
-0.687451
-0.140983
0.180593
0.673709
-1.06241
-0.617017
-0.402477
-1.47291
-0.759582
-0.655162
-0.472719
0.532819
-0.791229
0.619205
0.582858
0.239749
-1.04013
-1.07273
1.35254
-1.09559
-0.537312
1.20664
-0.428113
0.754792
0.590518
-0.696412
-1.21596
0.441627
0.464633
-1.51063
-0.00576536
-0.887926
-1.06952
-1.74753
-0.486557
-1.58778
-0.774524
-0.091901
2.09598
-1.5374
0.369587
-0.76402
-0.42309
-1.59461
-1.23632
-1.10012
1.28505
-1.78676
-1.2469
0.224198
1.46925
0.215506
-1.30084
-0.262898
-0.470658
-1.87705
-1.75651
-0.438862
-2.41944
-0.123459
-1.07457
-0.733173
-1.61133
-1.54931
-1.40196
1.92633
-4.08757
-3.56561
-0.480076
-0.223028
-0.460577
-1.6318
1.65145
-1.78361
-0.721294
-1.68617
-1.16901
2.23652
-3.23712
-3.60599
-0.190777
-1.27156
0.777149
0.0959888
1.94372
-1.00491
-2.06237
-0.0537634
-0.663619
-0.217197
-2.19527
-3.3219
1.04986
0.851353
-1.13103
-0.739157
1.05605
-1.24065
2.71965
-3.33386
0.172454
-3.07399
0.38243
0.044962
0.752569
-0.304826
-0.0790719
-0.959439
-0.659913
-2.41152
-0.1672
0.788513
-1.83891
0.49257
1.09588
1.93636
-0.594077
-1.57702
-2.31391
-0.327558
0.570261
0.241632
-0.38893
-0.609989
-0.0669612
1.12103
4.18001
2.37149
-1.08771
2.77184
-1.16417
-0.819622
-2.18644
-1.28094
-0.381699
-1.54801
1.17596
-1.99657
-2.4113
1.93538
-1.42869
3.59868
1.02595
-2.08398
-0.43549
-0.367979
-0.957276
-2.02096
-1.50345
0.41633
-0.208485
-2.32619
0.681598
-1.35993
-0.73012
-1.59707
-0.893034
-0.443377
-1.39153
-1.21878
-1.32602
-0.426358
-1.48617
1.77494
4.01386
1.73953
1.62947
-0.686278
-1.07668
-2.49867
-0.458566
-3.34349
-1.45076
-1.97862
1.7737
-0.394119
0.890153
-0.922659
0.51224
-0.589841
-1.5984
-0.587169
1.11539
-0.257928
-1.4679
-0.506182
0.385151
0.0708444
-0.757469
-2.15559
-0.363688
-1.57149
-1.70735
0.117832
-1.44141
-0.65917
-0.475707
0.211595
-0.920487
1.21867
-0.907927
0.48883
-0.276522
2.31904
-1.64549
1.43456
2.86158
2.28925
0.017517
-0.779845
0.80364
1.73287
0.296368
-1.73452
-0.250594
-0.556844
0.33164
1.33224
-1.47061
0.981046
-0.356111
-0.827186
-1.41641
-0.453289
-0.734331
1.11894
1.07129
1.72403
-1.08344
2.41362
1.69831
-2.3139
-0.734692
-0.985734
-1.0553
-0.725769
1.23723
0.941516
-0.0608188
-1.7956
-1.54269
-0.174426
-0.172457
-2.03604
-0.805083
1.91939
-1.51978
-3.05005
0.055789
0.676756
-2.30911
-0.130789
0.794965
-1.14488
1.22026
-0.909512
-0.529195
-1.09586
-0.203373
-1.25757
-2.0443
-1.08377
-0.677498
-3.90309
-0.767637
0.294685
2.7605
0.0319724
-1.06904
-0.464507
-0.114964
1.58846
-0.330189
1.68776
-0.9697
0.877854
-1.85094
0.550439
-0.524394
-0.331034
-0.598461
-0.36346
-0.585271
0.538334
1.59305
-1.98141
-1.84925
-1.78072
1.238
0.451229
1.66294
-0.487714
0.575615
1.20108
0.604701
-1.05056
4.17719
-0.812479
-2.20849
-1.83832
-1.92993
-1.20984
0.164729
1.01342
1.75427
-0.739288
-0.13125
-1.29403
-0.169049
0.198666
0.04714
-0.53833
0.798493
-0.50952
0.593296
-1.48833
-0.94823
-0.0370896
0.0964684
0.221268
-2.6386
2.77145
-2.70636
-0.249939
1.58618
-1.5462
-0.848917
1.7274
-2.21977
-3.46733
-0.881463
0.245142
0.184575
-1.1836
-0.260434
0.826192
0.872785
-1.87549
1.01286
-0.768637
0.242921
-1.22057
0.168682
-0.292889
-1.73391
1.05967
-1.29789
-1.04526
2.31058
-1.76652
-0.178904
-3.15335
-1.23845
-1.64219
0.0349204
-1.18689
0.376273
-0.456779
2.33183
-3.40459
0.187613
-2.47792
-0.269302
-0.603668
3.29516
-2.52427
-1.23652
-1.54341
-0.810114
-0.116663
0.823376
-1.87385
-2.16639
-1.83493
-3.63662
2.14704
0.620036
1.24057
-1.52532
-0.27981
-2.2506
-0.415034
0.4777
-0.318483
2.2005
1.05453
-2.11452
-0.396748
-1.52782
-0.615999
0.969301
-3.1638
-1.30536
-0.0621185
-1.88873
-0.380063
-1.13706
-1.8455
0.41469
-3.04705
1.37315
-0.448373
-0.331902
-1.86376
0.243085
-0.709519
-0.626477
-0.795152
-1.11565
3.46979
-0.268009
-1.07873
-0.67371
-1.52888
-2.49891
-3.29131
-1.7454
0.161304
-1.17258
-1.49434
-0.516037
-0.156748
-3.35665
2.26169
0.101287
-1.58243
0.521037
0.681676
-0.867362
-1.77327
-0.41958
2.18238
-2.44312
0.00169885
-1.35753
0.676311
0.475838
-0.947007
-1.45889
-1.74309
-0.902269
2.70705
1.5885
-1.71823
-1.38225
-0.701317
2.73532
1.05584
0.44157
1.74463
-1.55559
-0.155571
3.40317
-0.134468
-0.0497416
-2.21603
-1.28125
0.133916
-0.98369
-0.417243
-0.556428
0.0837251
-2.15295
-0.0708589
-0.654828
-1.43808
-0.0770995
0.307255
1.28105
-0.871231
-1.61691
0.342577
2.40023
-0.466747
1.54163
-0.669841
-2.15139
0.525906
-3.2777
-0.699887
1.07712
-1.03654
0.901067
0.458948
-1.48315
-1.75763
0.918782
-1.38491
1.62273
2.64024
0.656723
1.70446
0.541285
-0.0226367
0.197752
-1.29155
-0.973347
1.20323
-0.149424
1.11452
-0.980555
0.440168
-0.825612
0.226824
-0.796648
-4.09197
1.04206
-1.06294
1.66548
-0.8959
-1.34619
-0.650654
2.06759
-0.653552
-0.744935
-1.49645
1.11856
1.04518
-1.7384
0.931365
0.0607799
-3.70688
-1.81248
-0.847642
2.88734
-2.60941
-1.50661
-1.81574
-1.14741
-1.82864
-0.789542
1.47346
0.672445
-0.752325
-0.0899837
-0.825987
-1.51425
-1.57414
0.60609
0.0486414
-1.06817
1.30983
-0.945373
1.05512
2.76813
-2.22664
-0.884614
0.788224
1.08329
-0.988543
-3.67502
-0.636905
1.14045
0.334303
-3.0846
-0.845843
0.444507
0.316046
0.615306
-0.191402
0.341349
-1.87768
-0.58701
-2.74591
0.452434
0.0433098
2.00727
-0.397254
-0.219133
0.478094
2.38543
-1.61335
-2.08744
0.735553
-1.03921
3.73601
-0.687288
-1.1102
1.54304
-0.763469
-1.9679
0.64647
-0.0962503
-1.12825
-0.994785
-1.42048
0.79366
-1.1881
-0.7974
0.150623
0.121696
0.335674
0.169684
0.520986
-1.50955
-1.83832
-1.38618
0.520072
2.2416
-0.628262
0.242022
0.311349
-2.12037
-0.0894643
-0.645399
1.15118
-1.8478
-1.12227
-2.46935
-1.59304
-2.01828
-1.94758
1.16906
0.229848
1.1188
-0.389804
-1.06918
1.14651
-0.889585
-0.457541
-0.427429
-1.03076
1.47935
-0.245597
-2.17587
-0.39971
-2.34956
-0.108736
-0.324461
0.449499
1.77984
