0.741901
0.419281
0.626637
0.441679
0.456715
0.556355
0.332856
0.367598
0.511219
0.701137
0.599763
0.473965
0.57713
0.558235
0.590421
0.559319
0.591048
1.03553
0.783873
0.533809
0.576949
0.523844
0.689386
0.486029
0.751464
0.680419
0.606566
0.117525
0.360916
0.419286
0.770244
0.544057
0.763317
0.534087
0.463617
0.257817
0.556144
1.43167
0.76261
0.540254
0.680829
0.602518
0.513835
0.0292841
0.81432
0.44769
0.456099
0.682998
0.696304
0.611654
0.916128
0.711785
0.574414
0.692969
0.655124
0.486133
0.710461
0.789238
0.739662
0.817133
0.759069
0.678571
0.543855
1.01001
1.28613
1.34197
1.43754
1.24465
1.09303
1.2921
1.24634
1.15453
1.22877
1.00781
0.973348
0.893039
0.81057
0.796997
0.710406
1.04994
1.18051
1.0875
0.945171
0.915652
1.00288
1.10457
0.842988
1.08407
1.21605
0.74529
0.90351
0.597909
0.941129
1.15351
0.799404
1.13637
1.06565
0.958913
0.635756
0.78681
0.235479
0.812029
1.08972
1.16275
1.11914
0.836721
0.91106
0.405556
0.511843
1.03051
0.86534
1.05748
1.20161
0.7811
0.609295
0.569443
0.651065
0.734045
0.906352
0.981284
1.18093
0.775964
0.852838
0.851533
0.811447
0.836206
0.870237
0.904957
1.02114
0.940509
0.725619
1.07076
0.905872
0.770793
1.01299
0.916385
0.924646
0.852334
0.842861
0.934754
0.914985
0.870301
0.927887
1.02046
0.744202
0.861253
0.710373
0.966636
0.985075
0.903743
0.831047
1.03208
0.588901
0.593444
1.31267
1.05548
0.990221
0.933862
0.843178
0.99718
0.577577
0.727611
0.626853
0.954912
0.748139
1.27755
1.32243
1.01462
0.795756
0.60918
0.510136
0.99896
1.22563
1.14794
1.01638
0.935585
0.876093
0.806138
0.676819
1.24577
1.66658
1.14881
0.77763
0.963065
1.13834
0.954308
1.01076
0.985752
1.02264
1.04632
1.10134
1.26378
0.848409
0.960912
1.21849
0.98122
0.987129
0.973741
0.994638
1.0076
0.717178
0.841564
0.9801
1.00594
0.861281
0.975313
0.959369
1.09436
1.14429
1.01966
1.04725
0.90507
0.945926
0.848344
0.955143
0.999791
0.980656
0.585961
1.11752
1.0386
0.896487
0.490735
0.794669
1.04312
1.13927
1.00267
0.668046
0.560367
0.452251
0.89957
1.26212
1.18045
1.11908
0.996693
0.875121
0.0466219
0.531059
1.00576
0.878767
0.980943
1.13535
1.08237
1.0446
0.9157
0.984423
1.27301
1.06616
0.943518
0.966023
1.12919
1.15146
1.12157
1.15794
1.12919
0.933774
0.923579
0.904951
0.881396
0.909573
0.992319
1.09405
1.0048
0.880523
1.24177
0.933277
1.0897
1.28261
1.1596
1.01427
1.11553
0.930338
1.36553
1.01247
1.19439
0.664195
0.820605
0.978871
1.19109
1.04328
1.3386
1.03985
0.996947
0.910905
1.01246
0.984713
0.951026
0.900581
1.16137
1.06218
1.35855
1.04386
1.09465
0.833301
0.797597
1.16428
1.32909
1.22353
1.31643
1.00306
1.04231
1.13695
1.17587
1.09013
1.26425
1.09897
1.11569
1.03175
1.06561
0.95435
1.13295
0.994506
1.1924
0.924003
0.897894
0.992223
0.960408
0.90113
0.936103
0.872044
1.00702
1.22248
0.678016
0.851852
0.81107
0.878944
0.826484
0.862269
0.947352
1.13405
0.952998
1.09822
0.970004
1.17094
1.04313
1.08438
1.01698
1.15548
0.681754
0.934297
0.991513
1.02949
0.996506
1.05711
1.0637
1.24016
1.21506
0.772266
0.681601
0.755402
0.799872
1.15019
1.06991
1.19358
0.980893
1.27811
1.24156
0.639804
0.840508
1.16248
1.10857
1.15638
1.02792
0.966698
0.85809
0.562838
0.995849
0.958179
1.10384
1.17823
1.05497
1.18512
1.2106
1.04009
1.081
0.935424
1.12826
0.691901
0.872256
0.900556
0.843863
0.873648
0.782309
0.947094
1.04941
0
0
0
0
0
0
0
0
0
0
0
0
0
0
0
0
0
0
0
0
0
0
0
0
0
0
0
0
0
0
0
0
0
0
0
0
0
0
0
0
0
0
0
0
0
0
0
0
0
0
0
0
0
0
0
0
0
0
0
0
0
0
0
0
0.952771
1.0736
0.928802
0.894329
1.04899
1.04575
1.0186
1.15976
0.870998
0.791198
0.721798
0.721299
0.656142
0.697456
0.601479
1.16831
0.480453
0.481686
0.864179
0.981823
0.83249
0.708105
0.749145
1.19867
0.536268
0.373046
1.09319
1.00278
0.822558
0.436846
0.721566
1.19799
0.638495
0.467855
0.308761
0.637731
0.512718
0.864286
1.16571
1.29965
0.811462
0.621817
0.175756
0.165937
1.0004
1.12701
0.765681
1.1977
0.826091
0.801624
0.584171
0.592999
0.847565
0.948056
0.830094
1.29956
0.885062
0.939017
0.92353
0.868363
0.87861
0.772124
0.832766
1.12199
0
0
0.0219618
0
0
0
0
0
0
0
0
0
0
0
0
0
0.0336897
0.063407
0
0
0
0
0
0
0.00479744
0.0186725
0.327718
0
0
0
0
0
0
0
0
0
0
0.196548
0.0739491
0
0
0
0
0
0.188028
0
0
0
0
0
0
0
0
0
0
0
0
0
0
0
0
0
0
0
0.670647
0.358102
0.497704
0.292956
0.605519
0.541014
0.413236
1.02802
0.317903
0.284343
0.261524
0.179123
0.213833
0.334289
0.495157
0.997082
0.342427
0
0.172433
0.34122
0.130153
0.124022
0.419565
1.04104
0.667141
0.34545
0.149446
0
0
0
0.470386
0.979199
0.796511
0.372923
0.370282
0
0.0745897
0.227575
0.278388
1.0043
0.711029
0.431785
0.0773125
0.0172624
0.323454
0.549607
0.273885
1.0866
0.60799
0.529685
0.530285
0.33656
0.0714979
0.44513
0.343515
1.08685
0.77561
0.586403
0.661924
0.645201
0.592838
0.577032
0.636045
1.13392
0.638877
0.573271
0.528059
0.466236
0.420513
0.390124
0.652929
0.47632
0.218319
0.221572
0.0534913
0
0.017204
0.320602
0.148115
0.103252
0
0.448309
0.563163
0
0.0145118
0.0897864
0.163702
0.146068
0.0201829
0.0466221
0.322989
0.429723
0.0438054
0.341695
0.189821
0.0453222
0.00758374
0
0.174406
0.328649
0.204713
0
0
0
0.0883763
0.0120053
0
0
0.380189
0
0.209168
0.0815767
0.086668
0.0862502
0
0
0
0.258343
0.0209787
0.126262
0.382566
0.206549
0
0.0772793
0.0166585
0
0.0477322
0.0268498
0.503283
0.504528
0.539698
0.510205
0.444429
0.422072
0.311081
0.487938
0.252556
0.833497
1.11219
0.796103
0.927744
0.697544
0.892673
0.691153
0.761819
0.597533
0.633286
0.855041
0.858213
0.743567
0.983248
0.568612
0.666733
0.649374
0.196262
0.936646
0.749643
0.418462
0.89558
0.755561
0.670221
0.854222
0.296912
0
0.606263
0.633964
1.32184
0.828646
0.734634
0.918877
0.590678
0.31894
1.10383
0.906953
0.948503
0.909462
0.616005
0.827867
1.16963
0.901872
0.831794
0.890994
1.06929
0.659758
1.20469
1.11702
1.08808
1.12514
1.10854
1.07877
1.40287
1.42229
0.682112
0.601934
0.684991
0.692996
0.59818
0.769827
0.972497
1.12355
0.733299
0.532923
0.82627
0.794083
0.790395
0.781829
0.907212
1.05757
0.750464
0.348707
0.470367
0.601315
0.560154
0.635813
0.810678
0.987232
0.782479
0.832187
0.896202
0.78033
0.444418
0.431119
0.289567
0.987446
0.804851
0.875781
0.879868
0.492165
0.487712
0.692558
0.857805
1.05292
0.830427
0.703228
0.669217
0.58095
0.816441
0.776004
0.770592
0.945292
0.895052
0.838009
0.985118
1.31649
1.06347
0.806225
0.769896
1.0071
1.02714
0.857546
0.995367
0.97317
0.980867
0.989248
0.8901
1.06809
1.84621
1.47024
1.84983
1.59446
1.48717
1.4161
1.39037
1.39893
1.14995
0.654745
0.83235
0.669602
0.664768
0.704682
0.690963
0.795822
0.93688
1.24899
1.32409
0.953602
0.685614
0.844037
0.717024
0.85697
1.03777
0.944369
0.48255
1.01513
0.824162
1.11047
0.873771
0.619555
1.05485
0.722558
0.675386
0.817839
0.83769
0.140475
0.530082
0.59675
1.05368
0.697047
0.707483
0.651761
0.262099
0.50486
0.629694
0.578465
1.10759
0.758982
0.391281
0.322161
0.0181219
0.495784
0.608539
0.59388
1.18932
0.722906
0.543368
0.56087
0.607791
0.57132
0.688456
0.531583
0.771066
0.668672
0.614869
0.95105
0.830453
0.766824
0.805578
0.895252
1.14432
0.555348
0.855963
0.843207
0.706686
0.859807
0.862356
1.15333
1.12296
0.598253
0
0.68402
0.74817
0.713048
0.714855
0.978443
1.08121
0.845049
0.567306
0.39373
0.418583
0.431937
1.1439
1.07322
1.10227
1.10091
0.501662
0.467978
0.204543
0.687385
1.15793
1.14653
1.04713
0.865662
0.923628
0.724151
0.548713
0.787473
0.831538
1.16342
0.961017
0.781559
0.970436
1.13187
0.692483
0.936768
0.814899
1.11343
1.02871
0.902715
0.886232
0.857903
0.785276
0.852978
0.761948
1.06221
0.706781
0.80012
0.854048
0.566146
0.695773
0.783838
0.745139
0.718102
0.863615
0.604534
0.811575
0.589517
0.574241
0.548242
0.641664
0.575676
0.875726
0.653413
0.711838
0.732175
0.672983
0.593732
0.626532
0.621063
0.840303
0.998579
0.935173
0.676317
0.740347
0.617388
0.565673
0.665777
0.783664
0.856446
0.906381
0.459745
0.275723
0.692087
0.66844
0.590539
0.808868
0.908464
0.661748
0.105778
0.224484
0.648874
0.741345
0.497824
0.853051
0.841883
1.00238
0.878842
0.687998
0.702988
0.695481
0.493106
0.618038
0.803925
0.784208
0.782524
0.72405
0.698608
0.676353
0.704254
0.702123
0.354269
0.453292
0.800256
0.770054
0.579384
0.623619
1.46015
0.717628
0.701018
0.726118
0.840642
0.748556
0.83476
0.662237
1.76048
0.736496
0.430373
0.709874
0.586797
0.859039
0.872627
0.795341
1.70156
0.899648
0.278226
0.106984
0.469762
0.743982
0.942588
0.903044
1.59528
1.02572
0.637607
0.586038
0.73407
0.51879
0.516129
0.962875
1.56598
0.864386
0.679482
0.670135
1.01065
0.809481
0.877485
0.732584
1.55697
0.74977
0.729649
0.74649
0.701189
0.742985
0.808554
0.601956
1.51955
0.829053
0.883341
0.78024
0.790249
0.747216
0.816128
0.79626
1.43871
0.908716
0.674329
0.807355
0.63803
0.713054
0.90762
0.89648
1.07432
1.20708
0.778883
0.780955
0.944827
0.780525
0.83443
0.76676
1.20103
1.08057
0.636051
0
0.59382
0.792449
0.852215
0.777449
1.19438
1.06825
0.892784
0.593641
0.718924
0.549772
0.023259
0.695431
1.23839
1.01155
0.922465
0.871826
0.718241
0.74099
1.16787
1.08447
1.36196
0.884711
0.879521
1.02043
0.792826
1.00589
1.1271
0.812229
1.17345
0.905173
0.766607
1.14206
1.38362
0.980938
0.866564
0.868812
1.39776
0.707237
0.903226
1.01363
0.936907
0.959883
0.981925
0.827668
1.07091
1.29888
1.27809
1.34954
1.16227
1.35345
1.31622
1.28331
1.27927
1.1971
1.02698
0.99906
1.02351
1.08896
1.03483
0.951169
0.991612
1.06148
1.14705
1.00358
1.09918
1.08294
1.23627
1.0998
1.05635
1.18387
0.867148
0.759502
1.10651
1.20859
1.36886
0.971097
1.0843
1.18224
1.19253
0.987783
0.851459
0.872199
0.490884
0.845575
1.07857
1.23731
1.00389
1.0069
0.960088
0.523092
0.899029
1.07413
1.11567
1.25845
1.07065
0.830933
0.355121
0.704657
1.02244
1.06408
0.992153
1.05213
0.973059
0.99506
0.960216
0.911612
0.96849
0.983442
0.928917
0.351733
0.419548
0.371644
0.351755
0.394183
0.202227
0.431958
0.658992
0.245572
0.27041
0.183047
0.232037
0.253157
0.407047
0.350173
0.682848
0.171647
0.4001
0.166449
0.203597
0.362619
0.425519
0.328773
0.622593
0.289186
0
0
0.0425562
0.256987
0.282383
0.556732
0.603169
0.263267
0.0491856
0.131388
0.0427156
0.123912
0.154356
0.315621
0.613127
0.224509
0.142874
0.417841
0.365756
0.361123
0.243346
0.271215
0.491497
0.300131
0.121363
0.0907169
0.0399478
0.413
0.258532
0.301691
0.616081
0.597991
0.246847
0.257978
0.247604
0.154452
0.234281
0.284527
0.604883
1.54312
1.22273
1.56686
1.80304
1.32967
1.57022
1.50192
1.62959
0.765128
0.702071
0.580129
0.608872
0.67754
0.689682
0.594602
1.03073
0.573712
1.07229
1.31591
0.880218
0.713875
0.604054
0.653295
1.00169
0.746656
0.656674
0.603536
0.985227
0.833632
0.878613
0.957037
0.980484
0.770358
0.464791
0.44784
0.377152
0.777618
0.958323
0.678796
1.05971
0.792568
0.746312
0.442398
0.363592
0.943712
0.532499
0.76143
1.02014
0.74787
0.760824
0.599552
0.328081
0.629758
0.87994
0.655848
1.02489
1.39604
1.09023
0.887881
0.962038
0.975985
0.836741
0.969267
1.09465
0
0
0
0
0
0
0
0
0
0
0
0
0
0
0
0
0
0
0
0
0
0
0
0
0
0
0
0
0
0
0
0
0
0
0
0
0
0
0
0
0
0
0
0
0
0
0
0
0
0
0
0
0
0
0
0
0
0
0
0
0
0
0
0
1.12409
1.00695
0.966468
1.05917
1.09205
1.05189
0.997077
1.28331
0.816409
0.736482
0.780665
0.766966
0.850773
0.891826
0.959014
1.13312
1.00311
0.355177
0.818204
0.768215
0.85262
0.805428
0.900294
1.08286
1.05666
0.650272
0.223366
0.706787
0.733003
0.533218
0.680323
0.980054
1.06085
0.625001
0.416257
0.317029
0.735922
0.900016
0.837811
0.960458
1.08076
0.822777
0.324349
0.342109
0.615041
0.893705
0.74653
1.04447
1.03507
0.859693
0.860658
0.755701
0.741859
0.835032
0.837524
1.02555
1.05859
1.02577
1.10939
1.04113
1.02104
1.07323
1.00381
1.09496
1.37431
0.922787
1.05588
1.00649
1.03451
1.0114
1.01086
1.08592
1.44423
0.952329
1.22319
1.16306
1.08766
0.967313
1.05219
1.13589
1.33887
1.11922
0.468006
0.962879
1.04206
1.08684
1.04777
1.1246
1.35168
1.26908
0.982904
0.845912
0.885369
0.970055
0.654853
1.13217
1.36962
1.21787
1.14524
0.979391
0.554125
0.702151
1.02641
1.16688
1.38101
1.17719
1.12022
0.719769
0.512508
0.985782
1.03968
1.00931
1.35174
1.08034
1.15015
1.19319
1.15468
1.00268
1.11897
0.966417
1.15619
0.87233
1.02689
1.0196
0.981966
0.985329
0.850947
0.984789
1.07507
1.24902
1.458
1.16883
1.12968
1.07468
1.21696
1.34769
0.638396
0.912175
1.10131
0.967356
1.10536
1.00799
1.11831
1.10087
0.753199
1.26568
1.57194
1.08209
0.845548
0.943287
1.18288
1.02916
0.859473
0.693767
0.922091
0.724159
0.693761
1.43947
1.44008
1.07853
0.796633
0.611888
0.468249
0.740021
1.17095
0.966855
1.33408
1.11822
0.828173
0.770343
0.367565
0.138054
0.617688
0.995502
0.90909
1.05807
0.892783
0.971044
0.723072
0.72082
0.810746
1.20979
1.04161
1.0723
0.870044
1.26122
1.02423
0.960554
1.01821
1.03456
1.15546
1.16183
0.356077
0.221499
0.481335
0.482383
0.294505
0.26664
0.344796
0.129761
0.295541
0.477743
0.312791
0.26948
0.166303
0.206665
0.127781
0.146076
0.35556
0.604038
0.942174
0.50402
0.299358
0.260868
0.143596
0.0509239
0.385474
0.736218
0.83944
0.542886
0.511784
0.548897
0.809427
0.267245
0.195105
0.286823
0.485293
0.71574
1.01815
1.09285
0.453017
0.14877
0.0675876
0.200366
0.620757
1.28253
0.87261
0.322705
0.176311
0.224966
0.0199974
0.217258
0.493349
0.725037
0.681754
0.281554
0.146559
0.123007
0.720419
0.551232
0.176449
0.227071
0.28828
0.304885
0.425651
0.4157
1.22992
1.38868
1.29254
0.96322
0.845792
0.930187
1.02125
0.732919
1.64765
0.903331
1.13037
0.947671
0.964597
0.967946
0.898236
0.7043
1.60583
1.50795
1.44258
1.05865
0.96725
0.957025
0.910831
0.703326
1.3841
1.71044
1.15212
0.888544
0.726536
1.24577
0.947165
0.815164
1.31793
1.03201
1.05563
0.730811
1.54169
1.38986
1.06036
0.788696
1.31474
1.11373
1.07052
0.659073
0.638699
1.13935
0.82687
0.86073
1.17897
1.08679
1.14291
0.910107
0.906721
1.04769
0.897945
0.790634
1.47009
1.1385
1.27587
1.23699
1.25033
1.20985
1.22353
0.996046
0.881734
0.698981
0.593979
0.794195
0.76841
0.704813
0.730801
0.682854
0.501853
0.417079
0.576851
0.368238
0.57812
0.656953
0.649564
0.649063
0.638928
0.413762
0.376874
0.404477
0.513569
0.702073
0.723557
0.648618
0.752017
0.300144
0.292004
0.199696
0.471404
0.361831
0.465499
0.661589
0.754265
0.626062
0.365987
0.29994
0
0
0.574369
0.553056
0.713533
0.523722
0.375001
0.0606715
0.175887
0.486359
0.553003
0.586457
0.806982
0.468487
0.232601
0.226877
0.421556
0.501937
0.550969
0.659695
0.807728
0.468033
0.514771
0.414837
0.396211
0.417609
0.418298
0.609537
1.06894
1.0216
0.922399
0.996522
0.891928
0.932987
0.958608
0.933985
0.640106
0.745889
0.726811
0.637977
0.566112
0.578441
0.564213
0.63571
0.541177
0.866475
0.966302
0.668974
0.647664
0.70457
0.765012
0.660968
0.748875
0.524284
0.446353
0.617019
0.730951
0.80585
0.677723
0.680532
0.652162
0.545485
0.579741
0.72762
0.673324
0.648427
0.663749
0.655118
0.676728
0.597983
0.590819
0.640069
0.863692
0.753914
0.622728
0.788078
0.758569
0.646511
0.562687
0.646948
0.876989
0.752216
0.713888
0.735385
0.941657
0.743084
0.632252
0.634422
0.620815
0.643359
0.690969
0.666171
0
0.165425
0.20208
0.173691
0.072863
0.179288
0.211233
0.289
0
0.28213
0.218695
0.0644246
0.0795207
0.123037
0.110196
0.285354
0.24826
0.211755
0.0359881
0.133774
0.106194
0
0.0248686
0.277739
0.170258
0.362224
0.637038
0
0
0
0.409463
0.255015
0.145793
0.122621
0
0.0497112
1.0005
1.11343
0.750943
0.274242
0.125283
0.112182
0.403445
0.228514
0.297637
0.309022
0.246151
0.253864
0.112956
0.274438
0.618497
0.951549
0.867684
0.303325
0.181652
0.268744
1.31394
1.31632
0.958288
1.01554
1.08403
1.15081
1.21109
1.14021
0.652449
0.574143
0.59459
0.620746
0.575764
0.542208
0.513853
0.406414
0.481978
0.555363
0.217854
0.338085
0.278778
0.253354
0.211129
0.333941
0.456175
0.478833
0.770388
0.632369
0.40038
0.346807
0.459051
0.342308
0.498718
0.530263
0.19978
0.227421
0.582356
0.842312
0.94248
0.38783
0.437688
0.476916
0.348864
0.624974
1.0624
0.920167
0.387128
0.332062
0.344866
0.499399
0.598759
0.620199
0.938854
0.583179
0.491797
0.378096
0.337708
0.428173
0.515898
0.402851
0.54673
0.41258
0.377149
0.279748
0.704526
0.81018
0.510428
0.506323
0.562482
0.652078
0.661614
0.640044
0.8332
0.851815
0.81772
1.04542
1.08642
0.882333
0.93769
1.4454
0.769468
1.17125
0.816395
0.854513
0.834004
0.973862
0.843753
1.1733
0.533736
0.557569
1.13355
1.05316
0.945773
1.04333
1.14713
1.1412
0.543645
0.595521
0.337056
0.938562
0.905894
1.21329
1.23395
1.16859
0.667405
0.449385
0.350284
0.996399
1.32449
1.16139
1.01705
1.11688
0.769965
0.743446
0.353361
0.991987
1.34779
1.08435
0.73373
1.20277
0.918159
0.893814
0.773952
0.664083
0.559212
0.924798
0.861824
1.21758
1.015
1.07714
0.772741
0.757637
0.765773
0.696572
0.827484
1.05175
1.39232
1.2623
0.931026
1.41196
0.960563
1.2013
1.49498
1.25441
0.99105
0.832121
0.870985
0.925698
0.917742
1.00772
0.881129
1.21559
1.03068
0.647077
0.866051
1.07974
0.943493
0.953132
0.806398
1.18195
1.0873
0.902811
0.666584
0.955527
0.652047
0.87289
1.40886
1.27225
1.07037
0.787199
0.607623
0.90828
0.555108
0.865167
0.862012
1.18465
1.05271
0.800508
0.686188
0.813994
0.953426
0.814198
0.908772
1.21127
1.00113
0.822673
0.966813
0.895108
0.871627
0.941308
0.995739
1.27462
0.946954
0.963299
0.874783
0.824114
0.827806
0.838053
0.906929
1.28044
0.698705
0.781648
0.568691
0.66144
0.560334
0.532949
0.641066
0.847444
0.723477
0.642457
0.781305
0.713183
0.778436
0.852203
0.81668
0.85515
0.662869
0.792619
0.843342
0.697173
0.74275
0.801984
0.777188
0.719693
0.63234
0.368804
0.668844
0.575664
0.754168
0.861512
0.784858
0.743041
0.480612
0.371824
0.480507
0.700431
0.622799
0.614988
0.734421
0.742034
0.471695
0.375095
0.471995
0.566627
0.852903
0.7103
0.602363
0.706784
0.456708
0.485657
0.469472
0.399419
0.388594
0.485517
0.49877
0.72281
0.635806
0.646954
0.430478
0.38412
0.41716
0.486685
0.53642
0.724162
0.712165
1.05849
0.988815
1.06436
1.07055
1.06196
0.997535
0.940191
0.468124
0.810005
0.72649
0.736755
0.587866
0.482076
0.584056
0.58934
0.639896
0.512411
0.67673
0.912751
0.626989
0.798337
0.696923
0.611601
0.715223
0.835144
0.862509
0.945537
0.822752
0.190541
0.257804
0.544606
0.645947
0.64874
0.574446
0.432261
0.278572
0.606674
0.838652
0.573235
0.764524
0.751839
0.461894
0.11527
0.68982
0.811387
0.624271
0.517862
0.775488
0.709624
0.855033
1.03424
0.964848
0.780192
0.777902
0.597574
0.500767
0.855436
0.95775
0.881226
0.957336
0.925973
0.810816
0.69439
0.388751
0.297031
0.352366
0.0979484
0.112948
0.367356
0.160166
0.0842717
0.375762
0.439431
0.347639
0.177635
0.0309941
0.0366355
0
0.175754
0.545185
0.170271
0.315034
0.391108
0.136768
0.0891822
0.0656612
0.174656
0.387332
0.735879
0.346946
0.283021
0.329757
0
0
0.218981
0.204268
0.414024
0.152424
0.335275
0.52158
0.468472
0.233089
0.222913
0.292012
0.497862
0.249314
0.428608
0.618274
0.38407
0.149894
0.261409
0.444731
0.325498
0.883367
0.747253
0.570246
0.334172
0.234841
0.181447
0.61899
0.710174
0.693885
0.633133
0.662489
0.728722
0.812862
0.577471
0.228265
0.119674
0.00108922
0.199421
0.221536
0.31858
0.206174
0.373085
0.0226128
0.133789
0.000734352
0.129252
0.14217
0.247479
0.206837
0.402752
0.170025
0
0.193823
0.0751009
0.135938
0.155933
0.391449
0.359205
0.214525
0.107041
0.0439556
0
0.131339
0.0539636
0.221443
0.370187
0.177538
0.168053
0.237272
0
0
0
0.183882
0.408596
0.141823
0.152573
0.0898526
0.0440814
0.384256
0.229069
0.129906
0.429163
0.254275
0.234228
0.10652
0.0354745
0.297206
0.300771
0.257936
0.471026
0.116457
0.237712
0.279319
0.195033
0.209861
0.179526
0.22929
0.451177
0.796616
0.308337
0.332245
0.741197
0.820362
0.689846
0.578283
0.668383
1.11155
0.992556
0.716079
0.839471
0.774954
0.801988
0.873968
0.753765
0.55766
0.469459
0.0514917
0.601035
0.992103
1.22983
0.989155
0.778336
0.659092
0.819573
0.327894
0.47006
0.88625
0.579712
0.755127
0.616306
0.835626
0.951269
1.05564
0.995052
0.483744
0.549022
0.93238
0.775476
0.945504
0.729665
0.683207
1.11128
1.42968
0.818614
0.840706
0.72692
0.739543
0.692131
0.868235
0.9011
0.842824
0.672819
0.824023
0.682683
0.403004
0.388355
0.57008
0.614738
0.642115
0.475673
0.65142
0.561145
0.11082
0.123884
0.0357113
0.216282
0
0.226266
0.306501
0
0.0573249
0.0565454
0.113351
0.0260733
0.0221273
0
0
0
0.457161
0.696769
0
0
0.00475043
0.064643
0.0162639
0
0.0392842
0.474786
0.841348
0.500235
0.536038
0.380858
0
0
0
0.0841441
0.732106
0.479823
0.438129
0.172656
0.137273
0
0
0.280517
0.671513
0.111787
0.399206
0.339197
0.253936
0
0
0
0.412787
0.573255
0.553667
0
0.0117247
0
0.211798
0
0
0
0
0.0996094
0
0
0.727772
0.399891
0.626239
0.283833
0.32897
0.356281
0.283224
0.530179
0.565343
0.447901
0.58789
0.540909
0.390846
0.403473
0.485591
0.462957
0.481686
0.343613
0.691739
0.776161
0.384938
0.271872
0.626452
0.544219
0.480839
0.68493
0.3432
0.371101
0.491651
0.720799
0.416315
0.49146
0.535963
0.422064
0.289478
0.608291
0.829227
0.359794
0.454402
0.469387
0.412618
0.414261
0.639943
0.268064
0.485463
0.433238
0.323218
0.562433
0.493483
0.500181
0.397239
0.704639
0.520739
0.475453
0.266053
0.387943
0.6437
0.622385
0.443817
0.430521
0.526218
0.424352
0.505725
0.536137
0
0
0
0.451482
0
0
0
0.0711834
0
0
0
0.159405
0
0
0
0
0
0
0
0.0705647
0
0
0
0
0.0066524
0
0.182471
0
0
0
0.609958
0.0763062
0
0
0
0
0
0.768969
1.10763
0.0367161
0
0
0
0
0.126624
0.245615
0
0.0496149
0
0
0
0
0.290925
0
0.0160045
0
0
0.357014
0
0
0
0
0.0712303
0.186634
1.39496
1.45611
1.14752
1.62444
1.52381
1.54669
1.51267
1.13893
0.899374
1.16682
0.98032
0.997429
0.776462
0.864567
0.921507
0.513654
0.966285
1.11094
1.04309
0.976685
1.22617
1.14175
1.26773
0.624348
0.803507
0.555506
0.760533
1.18579
1.23387
0.743047
0.758424
0.547422
0.793171
0.748762
1.06707
0.607633
0.574678
0.386928
0.959328
0.547502
0.891586
0.824343
0.974437
0.748389
1.14117
0.840786
0.974718
0.591885
0.912394
0.846353
0.683788
0.741686
0.675344
0.838606
0.87577
0.691297
0.963242
1.04088
0.800467
0.798314
0.853079
0.778671
0.814589
0.635044
0.1092
0
0
0
0
0
0
0
0.0665444
0
0
0
0
0
0
0
0.386856
0
0
0.0652799
0
0
0
0
0.220731
0
0
0
0
0
0
0
0.244143
0
0
0
0
0
0
0
0.240594
0.0395296
0
0
0
0
0
0
0.281712
0
0.0513846
0
0
0
0
0
0.258219
0.258053
0.0154729
0
0
0
0.127562
0.0649239
0.453308
0.346473
0.362114
0.425121
0.348629
0.557923
0.549336
0.349427
0.673431
0.309673
0.546991
0.370277
0.37805
0.347005
0.423649
0.308173
0.767193
0.978578
0
0.141175
0.25502
0.335437
0.401334
0.351785
0.72951
0.840129
0.637391
0.228439
0.0254165
0.181676
0.0494259
0.179294
0.751171
0.961715
0.618873
0.534885
0
0.448181
0.620055
0.414433
0.755682
1.08024
0.98769
0.710061
0.334657
0.721361
0.750354
0.292661
0.843233
0.617078
0.736475
0.889916
0.701746
0.687881
0.47301
0.351482
0.671931
0.589984
0.762787
0.776138
0.729362
0.746572
0.644315
0.459861
1.25982
1.33184
1.31404
1.26524
1.26461
1.25801
1.29825
1.41301
0.86971
0.90479
1.03396
1.06371
1.21126
1.15463
1.1238
1.16615
0.827953
1.43503
1.08522
0.940052
1.07529
1.08355
1.18335
1.1871
1.00264
0.679875
0.439025
0.963961
1.04335
1.3406
1.1382
1.1525
0.942207
0.913041
0.820574
1.10955
1.13628
0.614849
0.860907
0.946483
0.992368
0.980507
1.00275
0.81451
0.300254
1.06357
1.16275
1.1749
1.09631
1.00307
0.90078
0.618673
0.716708
0.897914
1.03538
1.16665
1.42531
1.21717
1.19051
1.10724
1.17814
1.19596
1.29089
1.231
1.0901
1.33565
1.27305
1.38477
1.23542
1.21072
1.2128
1.10844
0.714242
0.810735
0.57392
0.713652
0.707314
0.515819
0.517414
0.836758
0.750745
1.56202
1.12456
0.847625
0.912803
0.964453
0.582077
0.978522
0.398426
0.477161
0.955393
1.15477
1.22637
1.38532
0.943272
0.873699
0.283228
0.785727
0.958444
1.34196
0.840298
0.310475
0.445567
0.918717
0.450695
0.503422
1.0126
1.16305
0.843275
0.332512
0.912195
0.835415
0.58512
0.509095
0.0773228
0.553056
1.12006
0.657388
0.48045
0.78814
0.597822
0.558906
0.478053
0.399485
0.433641
0.69897
0.487644
0.895551
0.785969
0.833223
0.548633
0.79685
0.659217
0.741002
0.770391
0.618481
0.586671
0.603451
0.602663
0.565251
0.629197
0.616589
0.741521
0.438603
0.838901
0.221443
0.459755
0.672227
0.677927
0.366993
0.684094
0.381803
0.90116
0.683835
0.793732
0.254239
0.356744
0.737882
1.06482
0.419815
0.937508
0.810626
0.535839
0.197722
0.415285
0.637812
0.857335
0.496975
0.863475
0.823441
0.460731
0.24757
0.171154
0.690202
0.730792
0.440343
0.817487
0.689907
0.898916
0.960801
0.662394
0.859892
0.65334
0.406767
1.02249
1.07152
0.924484
0.905864
0.953501
0.964905
0.977287
0.849131
0.387567
0.294022
0.582061
0.403971
0.629401
0.416245
0.54621
0.848024
0.710249
0.565679
0.583641
0.686354
0.72582
0.783261
0.828596
0.95659
0.911037
0.434222
0.332019
0.66944
0.697251
0.609432
0.70513
0.995331
0.872897
0.747326
0.349275
0.375646
0.276351
0.677281
0.828664
0.980864
1.06455
0.820778
0.7175
0.215532
0.806536
0.594381
0.795485
0.949931
0.908322
0.866182
0.865963
0.79125
0.597537
0.775941
0.709316
0.913327
0.785921
0.848776
0.827203
0.993307
0.7475
0.781702
0.695209
0.971244
1.15112
1.11831
1.07613
1.07945
1.11799
1.09725
1.09437
1.16441
0.938071
0.761274
0.682069
0.844396
1.02864
0.863188
0.720077
1.10907
0.992365
0.733213
0.98104
1.04868
1.01207
1.09342
1.03084
1.50036
0.927167
0.528443
0.368723
0.808587
0.953913
1.20863
0.993137
1.4913
1.10133
0.77602
0.630389
0.56542
0.503419
0.542138
0.675206
1.32555
1.14552
1.26969
0.806531
0.729642
0.344275
0.816835
1.10413
1.36907
1.22509
1.05496
0.905748
0.883572
0.709725
1.00252
0.983423
1.375
1.22992
1.13491
0.958837
0.858966
0.870341
1.07409
0.974118
1.38619
0.733002
0.951694
1.00225
1.01324
0.866366
0.887928
0.815135
1.32812
0.491602
0.0838765
0.260657
0.0588362
0
0.0706761
0
0.259677
0.298238
0.135973
0.0274034
0.034086
0
0
0
0.0451751
0.0820158
0.140817
0.0548379
0.324478
0.0600107
0
0
0.0796126
0
0.423187
0
0.184999
0.187492
0.142944
0
0.0685766
0.0287759
0.0460468
0
0
0.16535
0
0.012698
0.14697
0.0070435
0.0386498
0.078054
0
0
0
0
0.0548563
0.0060202
0
0.0524501
0.0639933
0.0418689
0
0
0
0.203066
0
0
0
0
0
0
0
0.576283
0.592157
0.189178
0.585381
0.561417
0.546774
0.58358
0.561405
0
0.262851
0
0.214509
0.421732
0.497974
0.608036
0.5424
0.12392
0
0
0.147335
0.183534
0.289744
0.559701
0.468514
0.218548
0
0
0
0
0
0.290697
0.517014
0.350117
0
0
0
0.291899
0.00452331
0.320457
0.495388
0.300963
0.131762
0
0
0.279147
0.512516
0.350898
0.522619
0.2176
0.225157
0.0722881
0.261938
0.323638
0.341501
0.308644
0.644233
0.791366
0.778898
0.591431
0.565248
0.606263
0.619674
0.605876
0.685982
0.856519
1.04471
0.999291
0.5354
0.677908
0.829106
0.644763
0.662192
0.676869
0.677773
1.08739
1.01715
0.710928
0.777287
0.810014
0.558313
0.978281
1.00542
0.984708
0.801411
0.695882
0.690902
0.765325
0.572555
0.983958
0.68805
0.691672
0.626958
0.741604
0.529096
0.382464
0.518195
0.96899
0.705686
0.713956
0.284905
0.509685
0.781054
0.84577
0.736802
0.997822
0.954072
0.609183
0
0.649434
0.830695
0.776592
0.587235
0.94124
0.954467
1.03169
0.851958
0.941891
0.68616
1.01468
0.56642
0.995418
1.14734
1.26633
1.28786
1.20082
1.25981
1.09372
1.02494
0
0
0.00416916
0
0
0.0441471
0.121351
0.237583
0
0.229742
0.126744
0.00100953
0.0201442
0.15126
0
0
0
0.217302
0.0856445
0.201485
0.00732869
0
0
0
0
0
0.124462
0.212116
0.401491
0.13474
0
0
0
0
0
0
0
0
0
0
0
0
0
0.121888
0.264139
0
0
0.0293365
0
0.018498
0.0407559
0.0363493
0
0.0969454
0
0
0
0
0
0
0
0
0
0
0.0883195
0
0
0
0
0
0.0587258
0
0.463669
0
0.108546
0.0558347
0.151392
0.0761791
0.270178
0.0451731
0.608282
0.84134
0
0
0.00388634
0.356878
0.289956
0.0766058
0.252051
0.686871
0.14459
0.0207756
0
0.121061
0.0946049
0.124745
0.25621
0.285506
0.502029
0.743554
0.272785
0.623512
0.661965
0.120882
0.245529
0.436977
0.69103
0.675956
0.609253
0.512856
0.290663
0.0551063
0.32187
0
0.368524
0.809955
0.567104
0.156141
0.23389
0.124254
0.222316
0.229779
0.305791
0.2344
0.319155
0.341493
0.302809
0.359511
1.10251
0.868854
1.01077
0.927548
1.0327
0.937062
0.80641
0.863123
0.687031
0.789808
0.686276
0.822908
0.872243
0.741485
0.81933
0.933196
0.77197
0.502327
0.945927
0.923262
0.782839
0.747435
0.813293
0.882351
0.82701
0.379591
0.481926
0.884412
0.965332
0.926896
0.825124
0.928525
0.901708
0.538627
0.47421
0.412414
0.795463
0.608721
0.772449
0.969974
0.973088
0.808449
0.333379
0.359956
0.798749
0.811264
0.782777
0.961764
0.912416
0.905299
0.798088
0.672241
0.823361
0.921351
0.901341
0.885743
0.861674
1.10775
1.04664
0.95774
0.929761
0.947929
0.908941
1.02133
0.327302
0.252961
0.210259
0.469897
0.493659
0.435282
0.169784
1.06836
0.838994
0.612466
0.501011
0.82424
0.734927
0.757083
0.87712
1.11029
0.766349
0.503647
0.53745
0.521206
0.681692
0.706238
0.942804
1.19977
0.814387
0.35732
0.252902
0.328941
0.464312
0.57966
0.906526
1.12636
1.05752
0.685304
0.958565
0.383375
0.534252
0.451865
0.749664
1.13752
1.02411
0.712142
0.805899
0.581765
0.594615
0.888666
0.728268
1.16921
0.840924
0.889686
0.944444
0.884504
0.723269
0.65378
0.748884
1.05599
0.724113
0.77741
0.866267
0.702782
0.643948
0.632265
0.697184
1.18602
1.08099
0.900759
1.05866
1.04743
0.905174
1.12712
1.19412
0.737323
1.14795
0.640997
0.866885
0.712665
0.875087
0.624749
0.635087
0.458046
0.860747
1.15768
1.27317
0.995273
0.763955
0.686479
0.657164
0.719688
0.818905
1.17985
1.33107
1.0236
0.857585
1.05556
1.1259
0.6347
0.681293
1.22854
1.06691
0.90169
1.05076
0.886278
0.814703
0.639475
0.652428
0.791483
0.999061
1.70718
0.435061
0.785029
0.678703
0.536124
0.656809
0.743085
0.6196
1.15232
0.719623
0.754322
0.714108
0.447085
1.06948
0.975915
0.741104
0.773886
0.801592
0.780205
0.77677
0.596211
0.630033
0.921998
0.661531
0.710992
0.919296
0.861907
0.724496
1.19177
0.467047
0.950275
0.705911
0.904464
0.75727
0.805715
0.899343
1.25323
0.496083
0.428902
0.668347
0.685302
0.812176
0.83718
0.974661
1.18369
0.7203
0.530774
0.72951
0.665537
0.791918
0.398394
0.573559
1.2595
0.719627
0.484086
0.403929
0.55251
0.840189
1.03721
0.891145
1.29965
0.801324
0.635732
0.454935
0.314718
1.23849
0.990902
0.926843
1.18114
0.725686
0.893587
0.851874
0.774075
1.42842
1.00259
0.931316
1.20473
0.637906
1.17255
1.04774
0.973287
1.02415
0.979809
0.915523
1.31411
1.55667
1.55491
1.59176
1.24917
1.37073
1.49267
1.41268
1.348
1.58063
1.14219
1.2775
1.26862
1.30228
1.34314
1.39939
1.33821
1.63617
1.48131
1.19092
1.1745
1.23534
1.36403
1.26501
1.33654
1.60166
1.39381
1.20894
1.20946
1.24128
1.16736
0.758537
1.22124
1.59128
1.50968
1.54151
1.32402
1.029
0.780374
1.12225
1.25767
1.54749
1.51018
1.53722
0.971054
0.52107
1.17092
1.29496
1.22565
1.65707
1.36133
1.32464
1.11429
0.99677
1.18625
1.37718
1.25176
1.52695
1.33019
1.39279
1.40118
1.35034
1.37567
1.32095
1.30053
1.21217
0.992189
0.961909
0.880142
1.15145
0.87143
0.76749
1.29097
1.03016
0.926078
0.93604
0.867227
0.681944
0.942088
0.821397
1.16395
1.00765
0.875444
1.07455
0.879424
0.883323
1.04325
0.834323
1.17319
1.10931
0.856226
0.349808
0.6779
0.792066
0.838861
0.943224
1.00136
1.18202
0.941
0.606068
0.624481
0.768039
0.0148804
0.90693
1.07014
1.153
0.985391
1.16937
0.67865
0.813867
0.823128
0.887755
1.12019
1.32077
0.938427
0.798879
0.442936
0.430488
0.945023
0.771862
1.12326
1.17363
0.80359
0.844906
0.754106
0.624036
0.704453
0.720462
0.867171
0.416635
0.089207
0.291445
0.518862
0.720233
0.528416
0.178125
0.836473
0.439316
0.504456
0.465433
0.405438
0.38157
0.470326
0.36837
1.04278
0.360976
0.0365469
0.550492
0.366659
0.477432
0.402134
0.472232
1.03843
0.805367
0.678068
0.446685
0.33473
0.423959
0.037475
0.820083
1.07132
0.795412
0.52435
0.60378
0
0.18049
0.363094
0.445239
0.997566
0.788113
0.693473
0.22337
0
0.586509
0.509717
0.594818
1.13315
0.650283
0.674372
0.757526
0.360279
0.74326
0.83605
0.50932
0.970944
0.551341
0.672691
0.677839
0.593526
0.53298
0.403371
0.503835
1.10157
0.935958
0.766378
0.550304
0.643183
0.656981
0.74419
0.605065
0.597764
0.591318
0.49612
0.513119
0.441377
0.529075
0.66529
0.711334
0.591388
0.590386
0.660485
0.390874
0.45732
0.662586
0.693307
0.771981
0.649143
0.550591
0.289598
0.594172
0.79213
0.610794
0.392101
0.318482
0.605386
0.592248
0.474549
0.446334
0.533507
0.641829
0.339864
0.619682
0.609159
0.670475
0.499874
0.427113
0.190248
0.450191
0.686201
0.730941
0.651695
0.692896
0.559315
0.462163
0.359937
0.551806
0.636856
0.678381
0.594343
0.797227
0.894639
0.755031
0.674183
0.709295
0.649396
0.719141
0.880529
0.906541
1.20188
1.02195
1.26146
1.22335
1.02426
0.953656
1.13935
0.843077
1.08913
1.00427
0.939878
0.8991
1.05006
0.950022
0.861319
0.681066
1.1201
0.911199
0.891398
1.19303
1.08054
1.10909
0.79622
0.863047
0.367043
0.557756
0.952592
1.04036
0.671036
0.980746
0.841238
0.98792
0.764056
0.747346
0.545019
0.494034
0.67053
1.09374
0.801374
1.15326
0.987143
0.586431
0.371572
0.958055
1.00511
0.948413
1.02568
0.957453
1.04185
0.851159
0.591858
0.721467
0.968853
1.01079
0.956872
1.0401
1.21547
1.03953
0.940459
0.912837
0.854216
1.0109
0.868392
0.782735
0.635516
0.44496
0.779999
0.566325
0.54394
0.602891
0.851496
0.296691
0.388111
0.225567
0.304287
0.433272
0.409391
0.441199
0.503279
0.310399
0.293408
0.326663
0.359448
0.558105
0.529589
0.730335
0.515721
0.163705
0.00673797
0.10608
0
0.243235
0.467349
0.718047
0.577543
0.22983
0.186689
0.317058
0.163877
0.156752
0.122055
0.248697
0.473692
0.140223
0.21825
0.424702
0.360924
0.296859
0.432441
0.364322
0.444256
0.159573
0.245888
0.0709563
0
0.0623481
0.201051
0.383228
0.516417
0.448635
0.203704
0.256647
0.248889
0.31417
0.161899
0.468232
0.379552
1.17302
0.661035
0.810283
0.901551
0.695732
0.750114
0.833596
0.694341
0.940252
0.391423
0.401031
0.495786
0.414376
0.518669
0.53712
0.465917
0.933575
0.678529
0.672468
0.548773
0.430015
0.286959
0.430658
0.43219
0.867274
0.604628
0.364406
0.477495
0.495976
0.489199
0.349755
0.680778
0.89129
0.645216
0.3835
0.231233
0.45701
0.577545
0.484969
0.545037
0.87702
0.545053
0.382382
0
0.457526
0.501434
0.531482
0.499917
0.869485
0.525816
0.568078
0.458617
0.444043
0.72179
0.544874
0.51187
0.953207
0.749044
0.69298
0.717919
0.768769
0.749997
0.764484
0.693151
0.877621
0.787017
0.581722
0.805127
0.875585
0.899088
0.770955
0.864776
0.705317
0.877171
0.880005
0.938539
0.925175
1.05912
1.00225
0.971643
0.667966
0.466127
0.79161
0.853114
0.842503
0.739445
1.09577
0.929832
0.821307
0.432603
0.627362
0.700257
0.599628
0.412227
1.05878
0.922256
1.10095
0.86184
0.666671
0.180704
0.459493
0.853588
1.0969
0.927269
1.14125
1.01054
0.598946
0.12882
1.02966
1.0792
0.926575
1.0519
1.13698
1.11432
1.09308
0.971096
0.752172
0.934579
1.06614
0.990921
1.22642
1.28964
1.15984
1.10713
1.11763
0.986557
0.994986
1.02883
0.920417
0.528806
0.643752
0.456377
0.4739
0.652949
0.658433
0.490444
1.2453
0.344031
0.315935
0.367183
0.347262
0.556
0.405069
0.20504
1.0501
0.606335
0.564942
0.271361
0.229081
0.3624
0.263754
0.402205
0.874402
1.00094
0.426888
0.528385
0.899213
0.65569
0
0.187357
0.893089
0.612526
0.649913
0.62388
0.5056
0.162819
0.0253976
0.222338
0.834628
0.660308
0.715231
0.743375
0
0.32114
0.41524
0.23708
0.956792
0.606596
0.683127
0.293851
0
0.316377
0.487935
0.289666
1.11368
0.202557
0.258014
0.282702
0.273061
0.330409
0.250705
0.140224
1.20737
0.963637
0.691853
1.33304
0.814229
0.914094
0.980646
1.39879
0.679149
0.978222
0.752671
0.772893
0.749838
0.85672
0.769752
1.20393
0.619709
0.340995
1.29183
0.970415
0.91926
0.468749
0.819241
1.26688
0.691224
0.526537
0.46342
0.595398
0.523872
1.00316
1.69824
1.35141
0.748418
0.447769
0.272395
0.378581
2.01288
1.84672
0.90842
1.20155
0.736468
0.542161
0
0.579553
0.910619
0.943326
0.68752
1.30402
0.656452
0.84963
0.892255
0.481187
1.0075
0.811951
0.779117
1.24257
1.25372
1.31373
1.07269
1.09197
1.10138
0.944045
1.13563
1.34771
0.585924
0.500292
0.507295
0.555478
0.416569
0.427812
0.526321
0.626954
0
0
0.0367734
0
0
0
0
0
0
0.0575923
0.158086
0.0302996
0
0.123738
0
0
0
0
0
0.115432
0.169642
0.311612
0
0
0
0
0
0.0507641
0
0
0
0
0
0
0
0
0
0
0
0
0
0
0
0
0
0
0
0
0
0
0
0
0
0
0
0
0.822321
0.733622
0.419036
0.906967
0.885806
0.904367
0.780611
0.904332
1.16638
1.41116
0.733701
1.01146
0.888632
0.883147
0.708834
0.791814
0.587903
1.32291
0.305305
0.731
1.03491
1.20784
0.860425
0.856154
0.941068
1.11175
0.47239
0.858856
1.10287
1.28819
0.957563
0.76682
0.923918
0.959424
1.15536
0.805744
0.742178
0.484468
1.00035
0.917995
1.0998
0.99216
1.41946
1.04973
1.74856
0.922042
1.14418
0.916094
0.905451
1.13528
1.21937
0.912702
1.11461
1.00201
0.927938
0.791377
0.881753
0.71031
0.900063
0.914802
0.954399
0.908632
0.86789
0.628526
0.883841
0.971096
1.11612
0.950315
0.734746
0.83648
0.898126
0.792599
0.758501
0.708634
0.729434
0.737353
0.799247
0.974754
0.870201
0.638395
0.642339
1.17646
1.28684
0.901442
0.658026
0.735219
0.740965
0.698787
0.642351
0.823028
0.580355
0.68994
0.629125
1.36643
0.751023
0.639936
0.693986
0.752919
0.866968
1.28562
1.44092
1.41252
0.42324
0.515504
0.671185
0.676422
0.914293
0.515824
0.257505
0.529095
0.815516
0.752423
0.832243
0.79162
0.878084
0.372648
0.602531
0.690061
0.816941
0.686054
1.09455
0.860814
0.759276
0.800118
0.803447
0.695417
0.843881
0.86742
0.588461
0.512937
0.58566
0.84688
0.580929
0.49125
0.733584
1.37513
0.741439
0.565949
0.696231
0.627691
0.663311
0.696639
0.737658
1.3292
0.883341
0
0.688941
0.584995
0.515938
0.343364
0.663805
1.24188
0.929623
0.417959
0.61114
0.11418
0.137944
0.232336
1.06389
1.28155
0.950025
0.537873
0.417734
0
0.520299
0.955171
1.18244
1.25253
0.870785
0.537825
0.309253
0.0280665
0.555738
0.758991
0.570655
1.3418
0.790634
0.737296
0.768105
0.861606
0.701385
0.764231
0.675527
1.24781
0.909662
0.923598
0.883658
0.807109
0.855054
0.752905
0.741332
1.38798
0.632011
0.846272
0.784974
0.725114
0.783987
0.599185
0.461683
0.628024
0.426493
0.618113
0.523219
0.586269
0.649252
0.760196
0.606769
0.682833
0.262524
1.07836
0.539593
0.836558
0.948647
0.807909
0.693934
0.688009
0.521213
0.43434
0.73353
0.78572
0.930496
0.845279
0.847715
0.560708
0.494583
0.427766
0.450503
0.634053
0.215866
0.825548
1.06048
0.697105
0.628518
0.54356
0.55239
0.174003
0.487446
0.680666
0.610746
0.65311
0.605141
0.632384
0.316557
0.176581
0.812378
0.974707
0.567703
0.590843
0.544683
0.422272
0.667437
0.592975
0.580753
0.535913
0.618349
0.587659
0.284579
0.353544
0.0560384
0.520765
0.371689
0.306888
0.0835693
0.689829
0.0133225
0.572153
0.158477
0.224233
0.354212
0.292267
0.212292
0.690338
0
0
0.940391
0.676051
0.348192
0.197517
0.572379
0.723956
0
0
0.202119
0.495174
0.432573
0.446476
1.09228
0.741674
0.0445007
0
0
0.2491
1.31402
1.19064
0.80303
0.594068
0.0359944
0.0131433
0
0.573257
1.51385
0.667628
0.240386
0.738263
0.0789334
0.240371
0.210957
0.125881
0.648036
0.534598
0.271477
0.690774
0.408372
0.483389
0.232667
0.148327
0.200739
0.119219
0.229006
0.688626
0.704571
0.86811
1.00446
1.15177
1.01815
0.884184
0.943072
0.803435
0.58827
0.856019
0.710453
0.822285
0.98932
0.727456
0.605395
0.658474
0.665123
1.09484
1.41475
0.820206
0.740832
0.700292
0.60367
0.826593
0.461826
0.700233
0.805015
0.788465
0.984185
1.2992
1.09063
0.777602
0.497453
0.571823
0.719297
0.931829
0.80825
1.21488
0.91296
0.820087
0.478787
0.579094
0.61467
0.496967
0.907297
0.700893
0.824839
0.745471
0.507082
0.58804
0.587607
0.803978
1.13747
0.956661
0.641135
0.747367
1.07152
0.802956
0.746807
0.851998
0.859702
0.95116
0.843191
0.715724
0.751183
0.774964
0.479119
0.792032
0.993954
0.925749
0.916499
0.759757
0.239385
0.973418
0.615551
0.705993
0.77768
0.834917
0.691087
0.629112
0.713617
0.66852
0.0421098
0.556119
0.887258
0.928898
0.876694
0.648618
0.772574
0.644229
0.638644
0.460407
0.672153
0.0709796
0.296058
0.463971
0.713357
0.706836
0.764471
0.57532
0.0264512
0.293071
0.911858
0.60436
0.750493
0.829144
0.555518
0.421491
0.723822
0.778526
0.959067
0.821179
0.773928
0.809456
0.837586
0.761826
0.982268
0.979162
0.709424
0.693071
0.564998
0.874624
0.825163
0.763345
0.803008
0.729687
0.744863
0.629291
0.0103447
0
0
0
0
0
0
0.0466035
0
0.0392324
0
0
0.139846
0
0.0954831
0
0.234174
0
0
0
0.0786327
0
0.158221
0
0.23418
0.287858
0
0
0.163929
0
0
0.10009
0.306419
0.0272138
0.043719
0
0
0
0.171667
0.154748
0.155491
0.352498
0.29827
0
0.170346
0.313786
0.296489
0.129181
0.11114
0.285006
0.729159
0.288047
0
0
0.17916
0.0140985
0.251202
0.126433
0.301849
0.310671
0.245942
0.288408
0.288195
0.126753
0.762376
0.343978
0.518129
0.491423
0.372115
0.395971
0.455335
0.508629
1.02383
0.266318
0.587547
0.494141
0.47852
0.467539
0.585831
0.529332
1.10315
0.535938
0
0.328848
0.408051
0.309368
0.494153
0.49896
0.886835
0.845186
0.15602
0
0
0.568883
0.456614
0.516098
0.909528
0.746958
0.428279
0.189596
0.898983
0.864441
0.334281
0.592899
0.818044
0.752245
1.24517
1.12584
0.31402
0.536068
0.61761
0.552985
0.758891
0.739337
1.13886
1.15837
0.926338
0.438984
0.481256
0.547553
1.40178
0.973551
1.04666
1.08643
1.12168
1.17037
1.15833
1.21454
1.04414
1.02816
0.914287
1.22794
1.11009
1.08074
1.05834
1.08495
1.02795
0.721643
0.823468
0.613708
0.767631
0.832294
0.819733
0.982187
1.01435
0.942966
0.340347
0.766285
0.753978
0.834645
0.869916
0.967516
0.904662
0.930282
0.239078
0.836799
0.646082
1.1242
0.598178
0.976959
0.928936
0.92092
0.803748
0.676777
0.0897878
0.125052
0.492159
0.964624
0.882346
0.880029
0.683536
0.537035
0.203419
0.672895
0.8606
0.910451
0.885471
0.834384
0.581307
0.386434
0.620243
0.641347
0.772398
1.01922
0.879635
0.754767
0.662998
0.669753
0.625324
0.594831
0.642638
0.794594
1.41562
1.09618
0.994648
0.779638
0.809056
0.971968
1.08474
0.816428
1.24517
0.605323
0.729828
0.590842
0.722185
0.558226
0.68199
0.642926
1.1013
0.673069
0.286927
0.647636
0.806383
0.850889
0.598429
0.802249
1.13872
0.736549
0.540233
0.858828
0.697825
0.920294
0.221759
0.626197
1.03472
0.634492
0.536054
0.384328
0
0.250024
0.408121
0.532454
1.13694
0.690192
0.636509
0.124242
0
0.454678
0.709935
0.504077
1.13514
0.644393
0.608136
0.390548
0.544252
0.606091
0.811652
0.680829
1.54506
0.485822
0.827271
0.721282
0.739039
0.66078
0.559805
0.712004
0
0
0
0
0
0
0
0
0
0
0
0
0
0
0
0
0
0
0
0
0
0
0
0
0
0
0
0
0
0
0
0
0
0
0
0
0
0
0
0
0
0
0
0
0
0
0
0
0
0
0
0
0
0
0
0
0
0
0
0
0
0
0
0
0.7691
0.738487
0.43978
0.80451
0.755757
0.677745
0.73023
1.12424
0.605904
0.581834
0.605129
0.566459
0.54655
0.637969
0.66748
1.03732
0.720592
0.27737
0.67973
0.613071
0.601402
0.490141
0.671581
1.03931
0.79404
0.390854
0.381191
0.666561
0.516922
0.379646
0.823168
1.07567
0.867258
0.458251
0.204214
0.21494
0.323362
0.516599
0.680858
1.05323
0.872429
0.549915
0.0681596
0.185252
0.655877
0.686181
0.607782
1.11857
0.784283
0.711931
0.589557
0.563421
0.467292
0.665009
0.627266
1.06713
0.852675
0.922468
0.862533
0.8141
0.84756
0.708687
0.689606
1.12876
0.0499439
0
0
0
0
0
0
0.256235
0
0
0.0431919
0.0484406
0
0.0276075
0.109841
0.417274
0.0419989
0
0
0
0.0884113
0.0216331
0
0.388485
0.107326
0
0
0
0
0
0
0.35068
0.13457
0
0
0
0
0.51057
0.412143
0.391899
0.17382
0
0
0
0.300392
0.599597
0.119229
0.3854
0.0909319
0.0360209
0.246069
0.477736
0.368693
0.108527
0.100589
0.376647
0.29721
0.469175
0.495954
0.402856
0.440604
0.382417
0.452092
0.743701
0.484288
0.476588
0.302949
0.156062
0.36072
0.635561
0.50648
0.395645
0.175059
0.400393
0.525505
0.286161
0.265863
0.404253
0.34863
0.268295
0.639486
0
0.544911
0.316832
0.187574
0.0533705
0.3963
0.0197329
0.92131
0.536627
0.511373
0.127145
0.106189
0
0.330832
0.246605
0.718361
0.427629
0.148066
0
0.628593
0.945746
0.603804
0.353571
0.630623
0.453522
0.371589
0
0.941527
0.723022
0.209024
0.399089
0.564291
0.532716
0.709652
0.903079
0.498097
0.462734
0.572245
0.220398
0.5499
0.625294
0.607118
0.55312
0.550765
0.617049
0.628336
0.353229
1.19202
1.389
1.54574
1.53401
1.22992
1.294
1.37271
1.57023
0.24856
0.604152
0.584493
0.485094
0.663867
0.690012
0.563434
0.787748
0.0805752
0.772201
1.04744
0.7541
0.556855
0.528409
0.651047
0.855513
0.365518
0
0.43643
0.776222
0.782798
0.799473
1.01555
0.805164
0.366863
0.130674
0.209211
0.697059
0.809697
0.199699
0.449955
0.763475
0.391671
0.303143
0
0.362966
0.890034
0.707833
0.644785
0.893461
0.366062
0.580032
0.261456
0
0.614393
0.727715
0.643268
0.900962
0.577652
0.724758
0.55882
0.409254
0.437974
0.489713
0.56783
0.773854
1.09405
0.680596
0.822494
0.49419
0.711612
0.913372
0.914428
0.770473
1.11696
0.659885
0.778868
0.740945
0.810466
0.898026
0.956825
0.975303
1.23486
0.992282
0.354929
0.53618
0.773307
0.788956
0.817883
0.933753
1.19766
1.00303
0.623554
0.301264
0.624386
0.402708
0.376081
0.829127
1.21319
1.04142
0.867784
0.584881
0.454397
0.544503
0.641086
0.882329
1.18503
0.982264
1.02161
0.457894
0.351523
0.815301
0.897092
0.852322
1.32326
1.01022
1.05071
0.97613
0.970942
0.753297
0.878146
0.921194
1.26699
0.980336
1.06318
1.00843
1.01499
0.982322
0.964492
1.02081
0.611475
0.439329
0.70884
0.764469
0.642952
0.374868
0.426611
0.6724
0.694812
0.595753
0.589166
0.577574
0.631507
0.767544
0.61721
0.802101
0.45937
1.03798
0.929516
0.585641
0.800297
0.743443
0.699463
0.823894
0.671255
0.0658702
0.135845
0.739587
1.03414
0.537806
0.975661
0.808231
0.571066
0.39921
0.46372
0.363232
0.525167
0.254752
1.10623
0.786863
0.60524
0.415339
0.500754
0.222678
0.676788
0.510107
0.61924
0.718442
0.556526
0.432044
0.201003
0.216043
0.68199
0.688735
0.504541
0.773428
0.251181
0.373355
0.404161
0.24226
0.273671
0.299501
0.355827
0.53322
1.04894
1.07641
0.979671
1.03934
0.91129
1.17837
1.14817
1.22741
0.885433
0.453444
0.534205
0.489119
0.49125
0.541601
0.55952
0.47941
0.743866
0.660319
0.73183
0.437713
0.38591
0.33541
0.520451
0.474559
0.872622
0.882497
0.699867
0.478409
0.214973
0.524078
0.66074
0.507454
0.827695
0.72416
0.513059
0.665197
0.840393
0.904973
0.542225
0.487602
0.805965
0.503622
0.746019
0.738494
0.305835
0.397327
0.693845
0.559862
0.90342
0.708828
0.613578
0.512106
0.809936
0.732892
0.674034
0.58834
1.61298
1.15653
1.15563
1.15199
1.1951
1.27313
1.30713
1.11674
0.630866
0.495972
0.397768
0.808185
0.864676
0.698032
0.792225
1.19656
0.558737
0.530561
0.731804
0.834339
0.702296
0.667601
0.745297
1.05557
0.590404
0.351081
0
0.442532
0.518285
0.450766
0.587598
0.979746
0.786377
0.819861
0.518721
0.435752
0.390259
0.126758
0.335242
0.927968
0.75881
0.619809
0.606344
0.216762
0.367132
0.676458
0.940765
1.02773
0.824702
0.694903
0.349284
0.694626
1.07142
0.722187
0.758806
1.00055
0.768739
0.900515
0.992879
0.875743
1.03407
0.96344
0.857565
1.01022
0.75021
0.858937
1.00803
0.996565
0.929028
0.920288
0.964303
1.11379
0.264685
0.23606
0.356426
0.112876
0.222915
0.189277
0.215599
0.141269
0.236195
0.197519
0.248611
0.196573
0.23061
0.266072
0.0997569
0.103261
0
0.413255
0.316864
0.150577
0.271574
0.253201
0.180855
0.0499272
0.247576
0.380837
0.189549
0.294975
0.680922
0.5028
0.321946
0.0374142
0.271983
0.147694
0.516946
0.35543
0.335879
0
0.465085
0.0877344
0.156566
0.185452
0.193038
0
0
0.276501
0
0.0189671
0.11692
0.0946881
0
0
0.0820828
0.232269
0.134406
0.0830426
0.093013
0.0847914
0.0261498
0.0157906
0.0760248
0
0.0763689
0
0.810842
0.835388
0.916644
1.18978
1.23826
1.18746
1.13276
1.216
0.881014
0.873289
0.916127
0.986115
1.03366
0.956908
0.961252
1.0116
0.800407
0.702021
0.732287
0.967095
0.845456
0.715627
1.03514
1.06542
1.01326
0.535566
0.818186
1.08911
1.04041
0.684432
1.00426
1.07326
1.00742
0.836611
0.931812
0.369596
0.946599
0.693487
1.02072
1.01048
1.04257
0.977582
0.64786
0.651656
1.02086
1.03178
0.966006
1.09632
1.04253
1.13722
1.01884
0.890003
1.02171
1.02073
0.979849
1.04619
0.82137
1.10141
1.13602
1.13252
1.16603
1.10172
0.974512
1.13199
0
0
0
0
0
0
0
0
0
0
0
0
0
0
0
0
0
0.393501
0.489322
0
0
0
0
0
0
0
0
0
0
0.28065
0.337762
0
0
0
0
0.252525
0.336576
0.252238
0
0
0
0
0.138219
0.595187
0.324205
0
0
0
0
0
0
0.0273732
0.0323664
0
0
0
0
0
0
0
0
0
0
0
1.11585
1.1839
0.919255
0.942156
0.809792
0.763479
0.933343
0.815204
1.11864
0.673053
0.949019
0.884277
0.902706
0.840904
0.898512
0.964269
1.11288
1.57893
1.57387
0.769037
0.950461
0.994933
0.861025
0.850042
1.09838
1.05001
1.19093
0.806483
1.71286
1.78019
1.00873
0.720678
0.85345
0.826984
0.844956
1.26416
1.36007
1.06208
1.35912
0.895946
0.996666
0.811849
0.849513
0.317223
0.697431
0.891615
0.88825
0.67211
1.05931
0.912043
0.737903
0.729333
1.06884
0.89538
0.882069
0.743556
0.885627
0.736387
0.910025
0.845308
0.850267
0.946131
0.79536
0.911588
0.0193042
0.176535
0
0
0
0
0.184589
0.257862
0
0
0.0762301
0
0
0
0
0.11826
0
0
0
0
0
0
0
0
0
0
0
0
0
0
0
0.0273762
0
0
0
0
0
0
0.102006
0
0
0
0
0
0.146107
0.222408
0
0.0989865
0
0
0
0
0
0.0770368
0
0.143696
0.0787086
0.0646921
0.0535587
0
0
0.0938909
0.110676
0.203526
0.517741
0.545768
0.623254
0.125301
0.496162
0.421369
0.613577
0.773327
0.423462
0.399936
0.339153
0.452367
0.338381
0.495519
0.391141
0.335862
0.588468
0.0677604
0.544153
0.251763
0.357717
0.04093
0.286237
0.426521
0.38871
0.495362
0.0206532
0.350609
0.132686
1.24424
0.386465
0.464677
0.592009
0.507097
0.0367474
0.642004
1.15705
1.31725
0.195996
0.555229
0.388922
0.394609
0.781387
0.302802
0.0923707
0.230044
0.338183
0.585695
0.453217
0.699752
0.898395
0.575867
0.635789
0.549261
0.39255
0.565288
1.02212
0.793958
0.882694
0.869816
0.957972
0.870986
0.881604
0.82108
1.05873
0.886446
0.794209
0.83071
1.06702
1.03498
0.941967
0.867707
0.967829
1.09842
1.14578
1.12897
1.11145
1.02762
1.02868
0.983441
1.04162
1.1465
0.930558
0.97998
1.07958
1.08617
1.04242
1.00838
1.1512
0.674371
1.18356
1.02953
1.14115
0.942099
0.899101
0.958774
1.11624
1.01143
0.920374
1.10221
0.89145
0.658889
1.12919
1.00164
1.1931
1.0621
0.786196
0.352812
0.65709
0.923263
0.979719
1.02403
1.27477
1.15607
1.02931
0.889495
0.999665
1.11571
1.09391
0.922255
1.21164
0.947648
1.13901
1.11123
1.04334
0.995052
0.926935
0.997541
0.541022
0.640171
0.561907
0.890616
0.566299
0.486695
0.503087
0.708248
0.489451
0.594608
0.666238
0.61065
0.505417
0.333417
0.347161
0.674932
0.753695
0.522049
0.617489
0.610034
0.573997
0.279921
0.399107
0.67289
0.703319
0.567746
1.01728
0.801139
0.522411
0.504837
0.973462
0.730344
0.622482
0.435275
0.765926
0.617137
1.12289
1.14995
1.02764
0.779324
0.441812
0.392003
0.546986
1.13594
1.12573
1.1249
0.423967
0.685253
0.340912
0.396752
0.739726
0.989406
1.06326
0.708676
0.525106
0.71266
0.586519
0.445996
0.390394
0.40852
0.390221
0.454957
0.482689
0.606425
0
0
0
0
0
0
0
0
0
0
0
0
0
0
0
0
0
0.0424701
0.0748912
0
0
0
0
0
0
0
0.199016
0
0.290634
0
0
0
0
0
0
0
0.0342355
0
0
0
0
0
0
0
0
0
0
0
0
0
0
0
0
0
0
0
0
0
0
0
0
0
0
0
0.192437
0.187833
0.037592
0.525269
0.253643
0.0904816
0.0268248
0.745132
0.156036
0.290602
0.258951
0.275803
0.231216
0.197044
0.178087
0.669588
0.121937
0.15147
0.229051
0.318678
0.264862
0.143065
0.240586
0.639383
0.0270076
0
0.48349
0.285969
0.265189
0.252615
0.729074
0.698638
0.108544
0
0.139235
0
0.555908
0.669753
0.637589
0.72996
0.190037
0
0
0.121542
0.910895
0.575746
0.158244
0.692754
0.200382
0.264418
0.105017
0.0714697
0.718207
0.459436
0.253873
0.736341
0.0732467
0.236787
0.171883
0.122074
0.104944
0.0758259
0.162951
0.601259
0.871186
0.532174
0.70966
0.273795
0.498184
0.768322
0.673513
0.533852
0.940296
0.321602
0.483392
0.412814
0.485193
0.372681
0.518241
0.551517
0.916382
1.31692
0.221146
0.201675
0.532331
0.559445
0.499503
0.630189
0.803914
1.0244
0.838441
0.491411
0.580568
0.73411
0
0.378982
0.721368
0.988771
1.18649
0.831308
0.16521
0.0154365
0.25485
0.594221
0.835971
1.13124
1.34605
0.67781
0
0.458256
0.69056
0.43426
0.870652
0.598174
0.727417
0.698977
0.648408
0.499115
0.612975
0.643407
0.915303
0.229553
0.546697
0.544655
0.524417
0.516623
0.383635
0.326745
1.28655
1.15899
1.13678
1.26455
1.09431
0.98195
1.09986
1.33811
0.95832
0.734735
0.723908
0.724686
0.647068
0.768297
0.626754
0.98141
0.78793
0.734458
1.02226
0.741743
0.747419
0.588142
0.773569
1.02852
1.0389
0.258778
0.361715
0.889509
0.942431
0.679314
1.1723
0.980494
1.0994
0.551899
0.541499
0.421328
0.592757
0.123993
0.632974
0.845991
1.01446
0.648803
0.822527
0.658568
0.775121
0.576133
0.674875
0.906082
0.886498
0.786156
0.607299
0.345781
0.537344
0.731908
0.729118
0.958932
1.22647
0.907515
0.75608
0.7711
0.705804
0.746921
0.768879
0.985177
0
0
0
0
0
0
0
0
0
0
0
0
0
0
0
0
0
0
0
0
0
0
0
0
0
0
0
0
0
0
0
0
0
0
0
0
0
0
0
0
0
0
0
0
0
0
0
0
0
0
0
0
0
0
0
0
0
0
0
0
0
0
0
0
0.772528
0.618272
0.650105
0.526158
0.676489
0.57198
0.538846
0.8759
0.55979
0.503987
0.531659
0.722487
0.632757
0.606299
0.4991
0.981497
0.455281
0.32298
0.385309
0.56899
0.499327
0.638461
0.633089
0.948713
0.660952
0.437944
0.16884
0.386752
0.352179
0.463903
0.734875
0.851009
0.653442
0.388616
0.456941
0.52958
0.880042
0.817124
0.456985
0.837346
0.66273
0.492512
0.250656
0.556476
0.461121
0.47596
0.408387
0.959084
0.635545
0.575835
0.608992
0.419185
0.588359
0.568173
0.591775
0.777245
0.30528
0.449211
0.50263
0.474114
0.41634
0.525347
0.437791
0.749892
0.69206
0.563181
0.422655
0.509963
0.42432
0.64666
0.676058
0.594276
0.595977
0.22184
0.440225
0.419035
0.389954
0.322499
0.492733
0.634022
0.765376
0.240009
0
0.253459
0.33379
0.378809
0.417393
0.630503
0.809347
0.627126
0.170347
0
0.162802
0
0.472322
0.676048
0.826906
0.529299
0.398341
0
0
0.470411
0.525482
0.698463
0.911853
0.65254
0.12683
0
0
0.446222
0.524692
0.62142
0.799418
0.624985
0.626541
0.7091
0.643298
0.48019
0.451239
0.60601
1.20345
1.27064
1.24666
1.22281
1.21008
1.16907
1.24987
1.53856
0.992073
0.855446
0.950918
1.03653
1.05315
0.891852
0.701168
1.30892
0.855732
0.820453
1.04357
0.593633
0.600041
0.572933
0.758958
1.25669
0.88015
0.34857
1.08322
0.738848
0.622865
0.872544
0.930836
1.2159
0.922842
0.796762
0
0.368739
0.490792
0.7379
0.735872
1.0969
0.772905
0.762683
0.455447
0
0.623187
0.79434
0.516325
1.27348
0.82898
0.926652
0.36495
0.29631
0.232444
0.79101
0.628139
1.2832
0.990765
0.943545
0.892508
0.300558
0.191965
0.702458
0.686131
1.11926
0.851299
0.668444
0.751255
0.739853
0.625455
0.537436
0.599457
1.04703
0.891526
0.206226
0.67652
0.0382307
0.321862
0.370252
0.362003
0.375427
0.963099
0.310126
0.396006
0.272378
0.559333
0.484559
0.72006
0.504173
0.935923
0.284927
0.0796393
0.165354
0.564974
0.416735
0.647095
0.456418
0.67889
0.638007
0.528433
0
0.12958
0.371398
0.552509
0.501083
0.614338
0.628578
0.660387
0.292497
0.212905
0.384869
0.379582
0.483782
0.626481
0.492414
0.559321
0.89621
0.333828
0.463801
0.341257
0.629735
0.61919
0.284125
0.428518
0.343019
0.19931
0.230879
0.619564
0.534754
0.51738
0
0.251727
0.19598
0.174779
0.137157
0.273618
0.183356
0.315
0
0.0601887
0
0
0
0
0.0504048
0.0960877
0
0
0
0
0
0
0.113024
0.0369172
0
0
0
0
0
0
0.00971758
0.16002
0.00437649
0
0
0
0
0
0.0363219
0.143908
0
0
0
0
0
0
0.108025
0.162139
0
0
0
0
0
0
0
0.120903
0
0
0
0
0
0
0.138709
0.258516
0
0
0
0
0
0.0762272
0.315094
0.425577
0.401619
0.444932
0.461498
0.367462
0.49465
0.581612
0.625521
0.251878
0.575829
0.770763
0.551345
0.625879
0.53601
0.620538
0.477986
0.53594
0.297639
0.247814
0.607579
0.48061
0.484452
0.687104
0.54121
0.389176
0.511961
0.13514
0.383167
0.465535
0.107466
0.492807
0.55736
0.450582
0.354902
0.24579
0.380478
0.413304
0.360268
0.525346
0.560152
0.559022
0.46141
0.251579
0.544326
0.714269
0.715929
0.70524
0.615439
0.437998
0.451322
0.786016
0.80594
0.710906
0.465254
0.59129
0.537677
1.03554
1.13141
1.02797
0.973871
1.11886
0.982184
1.00927
1.2204
0.825755
0.759327
0.806957
0.617755
0.847948
0.89801
0.624553
0.768991
0.382744
0.879693
0.864476
0.75315
0.816903
0.780038
0.810077
0.577184
1.17776
0.944157
0.295284
0.680632
0.793339
0.706522
0.92538
0.497137
1.22882
1.02415
0.566737
0.469777
0.871108
0.906249
0.99153
0.593968
1.36524
1.49791
1.51219
0.459346
0.409739
0.333767
0.788604
0.959699
1.09369
1.53595
1.38838
0.487362
0.460004
1.03211
0.939462
0.865519
0.832827
1.06867
1.59355
1.3217
0.696166
0.977025
1.05083
0.650997
0.335433
0.910239
0.891574
0.912275
0.849052
0.872379
0.869573
0.499177
0.475779
0.549051
0.41869
0.617209
0.499242
0.519568
0.386318
0.727015
0.528467
0.701929
0.648897
0.519308
0.581679
0.442149
0.481944
0.733869
0.121312
0.375402
0.615074
0.724367
0.687409
0.581174
0.679247
0.757174
0.264067
0.447258
0.488073
0.832862
0.836315
0.542454
0.74489
0.754873
0.380651
0.206605
0.19009
0.451073
0.306462
0.5181
0.629676
0.74698
0.458995
0.403599
0.104528
0.241624
0.956546
0.706595
0.407647
0.718682
0.390514
0.45466
0.694543
0.698764
0.555949
0.498713
0.547743
0.636001
0.144948
0.311281
0.289015
0.206098
0.236711
0.216158
0.313457
0.438736
1.23874
0.597266
0.813511
0.578317
0.643114
0.640426
0.570852
0.389119
1.28038
0.474226
0.520474
0.352457
0.36578
0.307491
0.254947
0.224747
1.07434
1.27884
1.07287
0.430973
0.509943
0.656904
0.298721
0.318253
0.991681
1.09677
0.761526
0.677884
0.974685
1.03799
0.132917
0.222605
0.872471
0.65206
1.04505
0.937769
0.260922
0
0.0838114
0.199973
0.903413
0.634729
1.02991
0.472671
0
0.342776
0.28856
0.050921
1.02725
0.447374
0.290046
0.0939409
0.0989466
0.246726
0.329304
0.208336
1.37684
0.332327
0.325913
0.289187
0.313435
0.356713
0.540016
0.195729
1.49459
1.27144
1.45017
1.38429
1.35073
1.19189
1.19589
1.25739
0.914495
0.538721
0.611959
0.728391
0.663463
0.665869
0.657142
0.598642
0.370754
1.27095
1.36541
0.79923
0.698475
1.01403
0.800432
0.616857
0.616731
0.187965
0.135382
0.745759
0.810003
1.29656
0.937643
0.610106
0.65628
0.456238
0.596472
0.843333
0.845337
0
0.551966
0.530291
0.719587
0.585634
0.798315
0.257893
0.504709
0.553012
0.651522
0.548988
0.748677
0.575255
0.248663
0
0
0.501095
0.675925
0.618702
1.07262
0.760262
0.57043
0.477819
0.546464
0.607681
0.718303
0.596669
0.313446
0.506194
0.347486
0.446476
0.706029
0.825756
0.629356
0.806465
0.591152
0.700201
0.759685
0.668356
0.704057
0.941649
0.815287
0.603281
0.802095
0.413854
0.817925
0.545948
0.687117
0.690171
0.86283
0.663449
0.720747
1.09632
0.40334
0.558052
0.613445
0.622871
0.580177
0.591559
0.828509
0.941847
1.12584
0.907589
0.823427
0.0713114
0.940511
0.783934
0.737721
1.22483
0.884459
0.61554
0.94945
0.847249
0.832494
0.736965
0.873219
0.858053
1.02976
0.738754
0.71666
0.709111
0.750531
0.781813
0.607757
0.736666
0.652065
0.724493
0.585728
0.532929
0.642416
0.670344
0.156988
0.0221403
0.00163773
0
0
0
0
0
0.175395
0
0.0146185
0
0
0
0
0
0
0
0
0
0.0622243
0
0
0
0.241475
0.0329176
0.0296488
0.0864484
0.113491
0
0
0
0
0
0
0
0
0.329826
0.122941
0
0
0
0
0
0.251628
0.108428
0
0
0
0
0
0
0.16271
0.0765172
0
0
0
0
0
0
0
0
0
0
1.16
0.54529
0.592229
0.640807
0.568987
0.654259
0.736225
0.628634
1.24332
0.356709
0.536711
0.632523
0.587498
0.399471
0.488478
0.601701
1.31342
0.792821
0.0631822
0.376651
0.333064
0.28477
0.320994
0.526057
1.04919
0.689487
0.993923
0.550236
0.278068
0
0.101254
0.522054
0.971376
0.892547
0.719552
0.424181
0.397629
0.85964
0.80897
0.596288
1.03439
0.838429
0.827009
0.517353
0.305079
0.670833
0.55836
0.522393
0.980255
0.630653
0.934238
1.04959
1.02842
0.597091
0.595334
0.422978
0.974676
0.69109
0.853636
0.883338
0.90605
0.881892
0.794029
0.76905
0
0
0
0
0
0
0
0
0
0
0
0
0
0
0
0
0
0
0
0
0
0
0
0
0
0
0
0
0
0
0
0
0
0
0
0
0
0
0
0
0
0
0
0
0
0
0
0
0
0
0
0
0
0
0
0
0
0
0
0
0
0
0
0
0.0850559
0.0233363
0.216932
0.00627439
0.0860976
0.322079
0.181346
0.11284
0.129242
0.115863
0.384061
0.0426989
0.0963212
0.0780617
0
0.204972
0.438195
0.12478
0
0.0276349
0
0
0.00190355
0.109329
0.313606
0.495308
0
0
0
0
0
0.193932
0.289062
0.398427
0.120247
0
0.201877
0.372112
0.123173
0.363891
0.337445
0.37212
0.173949
0.366334
0.3525
0.189996
0.0438878
0.248395
0.343665
0.19804
0.459861
0.418541
0.301466
0.166359
0.100129
0.250781
0.189244
0.367802
0.334579
0.341609
0.367226
0.365618
0.207525
0.216616
0.473822
0.616788
0.440574
0.419631
0.515848
0.63023
0.596646
0.75152
0.4286
0.617822
0.495144
0.616276
0.590024
0.605493
0.68023
0.809214
0.622474
0.449785
0.310169
0.490438
0.567469
0.616694
0.668725
0.770459
0.647239
0.53977
0.373302
0.246663
0.29476
0.254337
0.517036
0.796897
0.633547
0.687034
0.368206
0.230945
0.7978
0.848228
0.660236
0.840929
0.654571
0.687799
0.497112
0.30404
0.958012
0.85277
0.757635
0.84751
0.625782
0.721245
0.87677
0.915298
0.862092
0.641673
0.725937
0.797615
0.714993
0.794681
0.867354
0.829296
0.800368
0.860529
0.752495
0.779269
0.859511
0.47227
0.508763
0.505826
0.490907
0.484844
0.378627
0.548904
0.921006
0.500306
0.717124
0.538682
0.418292
0.419661
0.327778
0.558706
0.606965
0.527868
0.633392
0.71956
0.616053
0.75153
0.36144
0.629559
0.603032
0.767626
0.529449
0.750993
0.597684
0.854937
0.386264
0.568266
0.63926
0.838245
0.683451
0.677209
0.56431
0.310167
0.378417
0.589267
0.677024
0.775408
0.493565
0.853458
0.348955
0.475192
0.418301
0.685701
0.73225
0.586564
0.595455
0.444637
0.572916
0.549947
0.463288
0.52098
0.927623
0.53768
0.580509
0.672872
0.625284
0.67394
0.516706
0.526426
0.385793
0.512085
0.459265
0.647237
0.379485
0.426913
0.61682
0.713364
0.236485
0.415943
0.391489
0.415087
0.363807
0.508571
0.540095
0.603458
0.349404
0.647115
0.609955
0.357856
0.350163
0.561825
0.446837
0.533491
0.431092
0.529501
0.918985
0.613487
0.403204
0.295583
0.977791
0.51566
0.241337
0.306434
0.440677
0.548879
0.747524
0.978426
1.24669
0.578554
0.32618
0.218836
0.19418
0.488631
0.701562
0.796838
0.435476
0.513547
0.350824
0.296997
0.304865
0.90878
0.829882
0.696257
0.377365
0.611028
0.9792
0.9568
0.589947
0.550034
0.551041
0.640434
0.765596
0.900964
0.718478
0.807128
0.710292
0.812443
0.7427
0.929269
0.763628
0.856103
0.756239
0.822074
0.973819
0.924788
0.913285
0.894051
0.929036
0.971653
1.0808
0.637369
0.498341
0.769928
0.887019
0.807266
0.961913
0.90626
0.967349
0.737005
0.83519
0.704362
0.827161
0.553255
0.571575
0.806701
1.03512
0.903204
0.833901
0.630655
0.816621
0.882568
1.00887
1.02816
1.02445
0.993842
1.00865
0.379356
0.649055
0.935828
1.01253
0.830494
0.944587
1.04488
1.0114
1.0277
1.03352
0.904277
1.00831
0.872059
0.908182
1.02893
1.10641
1.10917
1.06706
1.08145
0.973235
0.95745
0.761088
0.816612
0.665049
1.05137
0.980742
0.947048
0.54618
1.32912
0.511425
1.03636
0.800022
0.81497
0.841446
0.957931
0.908054
0.944404
0.434558
0.319674
1.14623
0.960596
0.874933
0.767715
1.16737
0.967936
0.815832
0.536764
0.166253
0.790674
0.890997
0.425543
1.17522
0.93188
0.973234
0.645125
0.562282
0.229634
0.537642
0.333086
0.8786
0.885578
1.01337
1.02447
0.165494
0
0.956678
0.938254
0.793746
1.07672
0.90869
1.03907
1.01941
0.684443
0.595902
0.926577
0.901537
1.03288
0.992123
1.08946
0.921565
0.806318
0.799515
0.630993
0.845919
1.01481
0.600978
0.12412
0.125304
0
0
0.233994
0.196421
0
0.948961
0.0351812
0.0818282
0
0.125649
0.129814
0.0753091
8.76933e-06
1.03289
0.81037
0.0431774
0
0.119468
0.110963
0.180918
0.0788159
0.783686
0.792846
0.0958519
0
0.353437
0.103555
0
0.0145206
0.706277
0.802889
0.833278
0.108869
0
0
0
0.137268
0.782923
0.704107
1.02858
0.195321
0
0.0719429
0.200597
0
0.86361
0.409777
0.630422
0.143815
0
0.0063981
0.195974
0.0488889
0.859377
0.203773
0.254033
0.239558
0.200627
0.32794
0.225854
0.109345
0.82453
0.428157
0.704097
0.317096
0.510374
0.609977
0.60383
0.351426
1.01655
0.312892
0.44489
0.453733
0.563003
0.547393
0.553427
0.455907
0.929611
0.790792
0.247623
0.245028
0.427415
0.455221
0.548687
0.447428
0.969964
0.745452
0.523255
0.231239
0.52384
0.55514
0
0.251116
0.9514
0.861823
0.778043
0.535608
0.0481571
0
0.293808
0.478962
0.915871
0.784127
0.89723
0.0881463
0
0.301178
0.514455
0.25606
0.968845
0.578728
0.621264
0.508371
0.345357
0.346872
0.523737
0.356103
0.733684
0.37237
0.468546
0.447711
0.432472
0.438994
0.320444
0.233415
0.443744
0.368424
0.268747
0.588559
0.321351
0.22641
0.478741
1.03981
0
0.635151
0.366429
0.496909
0.460936
0.315853
0.417212
0.998032
0.148044
0
0.861929
0.55854
0.505519
0.122243
0.551642
1.02831
0
0.0705425
0.776443
0.475725
0.346797
0.0201871
1.28435
1.08211
0.279981
0
0.106904
0
1.1869
1.49559
1.53528
0.991794
0.247142
0.0306587
0
0.111168
1.27341
0.968849
0.329341
1.02284
0.26281
0.393708
0.332284
0.4259
0.920228
0.542717
0.350521
0.947849
0.566969
0.718525
0.502913
0.457934
0.492893
0.479844
0.473802
1.04952
1.41318
1.24381
0.887855
1.14647
1.15297
1.12153
1.22119
1.1176
0.835
0.36925
0.65481
0.63263
0.606535
0.640727
0.624472
0.829334
0.509122
0.473456
0.400265
0.609981
0.589857
0.673659
0.756879
0.831012
0.474122
0.114315
0.0835029
0.571893
0.685823
0.608173
0.64458
0.824726
0.606237
0.489839
0.14852
0.359836
0.284761
0.168031
0.577357
0.735964
0.791858
0.421036
0.268802
0.388812
0.521372
0.712816
0.596929
0.808547
0.85565
0.568924
0.298951
0.2405
0.35716
0.511026
0.60557
0.770678
0.895917
0.815376
0.734638
0.696033
0.700884
0.690561
0.726081
0.956203
1.5764
0.82038
1.02116
0.987197
1.18591
1.19562
1.29312
0.956856
1.40809
0.879648
0.815068
0.777656
1.05271
1.00937
1.1207
0.905952
1.24204
0.817233
0.271488
0.773524
0.920758
1.02062
1.125
0.927397
1.33954
1.62097
0.71316
0.806955
0.876902
1.06315
1.09394
0.871835
1.32571
1.13871
1.0591
0.940746
0.482005
0.560647
0.777384
0.990147
1.29494
1.15205
1.19207
1.28053
0.549257
1.06568
1.13737
0.882175
1.20977
1.26911
1.35688
1.1829
0.644629
0.745927
1.13158
0.883731
1.34943
0.869505
0.963702
1.04152
0.972845
0.857235
1.02073
0.817464
0.656341
0.882001
0.725213
0.792609
0.519772
0.516174
0.583288
0.563203
0.503483
0.920331
0.846853
0.456718
0.698814
0.567141
0.537093
0.730509
0.898942
1.5311
1.34635
0.640936
0.793043
0.647326
0.506825
0.476373
0.776735
0.629013
0.96803
0.542268
0.500499
0.858788
1.27577
0.647239
0.519103
0.528986
0.637001
0.555759
0.677038
1.97435
0.488937
0.607689
0.712141
0.535863
0.386327
1.01658
0.833578
0.588421
0.592606
0.529391
0.775672
0.497472
0.813677
0.523136
0.613632
0.619971
0.734518
0.502131
0.861987
0.780367
0.632397
0.736351
0.71707
0.830067
0.68494
0.677195
