0.678322
0.620925
0.25842
0.347808
1.20149
0.203454
0
0.153317
0.635595
0.0783495
0.825615
0.161611
0.916407
0.713397
0.622916
0.315504
0.818397
0.265612
0.586276
1.01582
0.93477
0.513943
0.308616
1.10689
0.942549
0.83132
0
1.13493
1.32811
1.29354
1.2952
1.7764
0.914728
0.527772
0.249041
0.400509
0.40074
0.0154156
0.333888
0.449777
0.143862
0.303219
0.344999
0.0109577
0
0.136779
0.0376485
0.652896
0.530468
0.501268
0.637685
0.963152
0.766416
0
0.306966
0.0529967
0.517978
0
0.227249
0
0.598458
0.184943
0.141797
0
1.34785
0.466925
0.768563
1.21485
1.1819
0.951361
0.628393
0.962618
1.24955
0.648204
0
1.21004
1.16326
0.705691
0.7406
0.602323
1.35834
1.57963
1.35469
1.84797
0.792524
0.70651
0.265819
0.724896
0.821205
0.376203
0.262585
0.870155
0.720784
0.802335
0.240566
0.941061
1.538
1.62622
1.55487
1.55869
1.12116
0
0
0
1.15149
0.385221
0.340185
0.176116
1.02264
0
0.196858
0
0
0.120073
0.0229419
0.948198
0.233577
0.352139
0.541409
0.823552
0.159296
0
0.357421
0.71036
0.191027
0.0885332
0.00336997
0.525322
0.706802
0.660324
1.06958
1.04326
0.210702
0
0
0.447047
0.542019
0
0
0.693091
0.583493
1.05901
1.04263
0.913039
0.970181
0.616336
1.02242
0.774632
1.73416
0.671213
0.916482
1.12159
1.63877
0.262495
1.23714
1.36651
1.20805
0.441756
1.12221
0.565956
0.94891
0.809873
0.964908
0.831172
0.510755
0.844073
0.327026
0.519743
0.488723
0.141106
0.399752
0.627916
0.387585
0.581958
0.645039
0.8813
0.778988
0.323938
0.279148
0.524708
0.799878
0.24359
0.561155
1.00364
1.18183
0.402936
0
0.586489
0.784075
0.278309
0.107071
0.777231
1.62093
1.12464
1.15902
0.89868
0.301395
0.69888
0.658398
0.806863
0.191806
0.141106
0
0.833354
0.74502
0.716769
0.581805
1.16477
1.45075
0.980651
0.714179
0.740155
0.965967
0.805132
0.577682
0.570731
0.869769
0.154691
0.263573
0.689317
1.36815
1.52107
1.34356
1.3226
0.143949
0.280812
0
0.774456
0
0.241682
0.653051
0.770933
0
0
0.135796
0.517726
0.421235
0.419457
0.522153
0.6226
1.60671
0.710146
0.899839
0.747036
1.09772
0
0
0
0.954227
0.00714809
0.0694832
0
1.04921
0.618754
0.663407
0.640231
0.661866
0.0380627
0.22234
0.257351
1.35127
0.602567
0.0648252
0.0829821
0.834801
1.15226
0.106483
0.0629393
0.737477
0.78298
0.309683
0.0790078
1.45415
0.700812
0.464853
0.608112
1.57263
0.822169
0.698064
0.647014
1.46008
0
0.557869
0.400109
1.61358
1.18062
0.975152
0.957436
0
0
0
0.841206
0
0
0
0.698643
0
0
0
0.3599
0.097887
0
0.0209282
0.479189
1.05599
0.340113
0.303308
0
1.22603
0.233835
0.391285
0
1.04478
0.139496
0.481194
0.137499
1.62955
0.618188
0.762325
0.538917
0.526845
0
0
0.254568
0.260593
0.188185
0.212623
0.13368
0.399282
0
0
0
1.94567
1.60621
1.64644
2.00429
1.53622
1.51441
1.29406
1.36128
0.232758
0.182048
0
0.509745
0.113058
0.164379
0.594334
0.44083
0.00448
0
0
0.182606
1.17479
1.42359
1.46703
1.65298
0.103502
0.311183
0.660076
1.02263
0.232454
0.219492
0.688399
0.855499
0.807839
0.399299
0.358136
1.24404
0.981897
0.72985
0.803311
0.715215
0.870986
0.81233
0.235591
0.0466951
0.822629
0.439366
0.598052
0.415767
1.19431
1.31239
1.06722
0.930123
0.890957
0
0.344687
0.43656
1.20174
0
0.112538
0.449009
1.60333
0.200991
0.813244
0.912623
1.28308
0.392168
0.417554
0.314893
0.233548
0.260001
0.238523
0
0.162381
0.514619
0
0
0
0.210301
0.263192
0
1.60783
1.42847
1.30537
1.04043
1.35421
1.27644
1.13979
1.47393
0.992776
1.22436
2.09836
1.71144
0.771727
1.20705
0.767124
1.18026
1.60611
0.951495
0.748741
1.45638
0.412584
0.142183
0.404391
0.678875
0.0719569
0
0.217569
0.37475
0
0
0
0.373123
0
0
0
0.428526
0.563393
0.394212
0.519764
0.902639
0.640364
0.738127
0.569928
0.534953
0.205161
0.767224
0.147009
1.09815
1.45042
1.56686
1.66203
1.92321
1.03287
0.69127
0.321852
0.509758
0.578121
0.552896
0
0.609295
0.79207
0
0.79657
0.87832
0.459259
0
0
0.454669
0.738419
0.825537
0.584217
0.498339
0.767014
0.468344
0.381625
0
0.713862
0.256057
0.0115278
0
1.3543
0.234691
0
0
0.755298
0.519095
0.660147
1.21678
0.05601
0
0.0223955
0.302217
0.0695113
0
0.424971
0.579225
0.13104
0.170737
0
0.2997
0.886454
0.413783
0.55349
1.46811
0.367181
0.302388
0.404463
1.52392
0.33132
0.569258
0.0847887
1.55013
0.49671
0.280276
0.622909
1.72711
0.898919
0.627801
0.349563
0.454151
0.406931
0.730575
1.1016
0.589807
0.223793
0.524998
0.725418
0.444269
0.275692
0.423808
0.460569
0.241391
1.041
0.708154
0.875062
0.842173
0.911574
0.468437
0.92953
0.722435
1.25704
0.671164
0.122055
0.392889
1.38601
0.468324
0.755827
0.558719
1.87461
1.00984
1.04316
1.02621
1.21839
0.80848
1.01696
0.766502
1.52808
1.03163
0.845553
0.612382
1.43812
0.697429
0.540098
0.921218
0.590909
0.610012
0.610857
0.479559
0.775318
0.124159
0.0920657
0.339083
0.845783
0.916226
0.469298
0.251356
0.847715
0.93654
0.141807
0.40592
1.34258
0.98078
0.966845
1.20533
0.980977
1.14669
0.802595
1.42167
0.410101
1.00196
1.58921
1.3445
0.863115
0.588605
0.479071
1.47975
1.24404
1.18967
1.18296
1.72739
0.630996
0.724967
0.792587
1.4632
0.939422
0.239536
0.309707
1.45101
0.885523
1.0794
0.896241
1.60243
1.78347
0.423567
0.44599
0.473253
1.88639
0.13042
0.503021
0.727244
2.10797
0.602534
0.174644
0.316864
1.80212
0.557937
0.176953
0.483264
0.398779
0.630284
0.616075
0.936821
0.618723
0.697563
0.598442
0.851715
0.571825
0.3577
0.397245
1.05415
0.831493
1.1065
0.912735
0.98695
0.294541
0.0662558
0.183749
0.493959
0.873272
0.807743
0
0.855439
0.240438
0.708416
0.0576104
0.5062
0.868954
1.03343
1.03968
1.02993
1.94174
0.0819704
0
0.166903
1.59886
0.0592908
0.0334455
0.355778
1.46245
0
0.224278
0.147245
1.696
0
0
0.169762
1.33485
1.61987
1.32168
1.61098
0.613024
0.632932
0.692318
1.04605
0.655641
0.431847
1.29208
1.29101
0.468516
0.802601
1.01192
0.731596
1.53077
1.56467
1.41136
1.56188
0.0584815
0.215859
0.737303
0.594142
0.422056
0
0
0.559938
0.823254
0.971606
0.728996
0.889874
1.72573
0.563639
0.525029
0.546854
1.53522
0.472287
0.563466
0.273453
1.38727
0.589498
0.630244
0.498515
1.3424
0.313628
0.255021
0.405535
0.772962
0.639963
0.573089
0.457871
0.621614
0.837288
0.981705
0.974704
0.554077
1.23886
1.40832
0.685639
1.52293
1.51118
1.41221
1.27203
1.52401
1.4486
1.3755
1.37896
0.412731
0.79313
1.07714
1.04162
0.144195
0
0.657529
0.876303
0.798575
0.876907
0.798283
0.678711
0
0.378907
0.130065
0.285457
0.0721998
0.184832
0.54449
0.660473
0.189761
0.112884
0.762493
0
1.18995
0.740423
0.934101
1.03319
0
0
0
0.3188
0.700121
0
0
0.279991
0.265627
0.0283742
0.771793
0.437088
0.728088
1.27001
1.17218
0.645094
0.824659
0.66188
0.64686
2.2866
0
0
0
1.43745
0
0
0
1.56216
0
0
0.0362729
1.46003
0
0
0
0.135483
0.114274
0
0
0.571353
0
0
0
0.190434
1.79346
1.86476
1.84152
1.78091
0.285686
0.16959
0.560282
0.740698
0.486469
0.236899
0
0.654461
0.580709
0.485062
0.408836
1.01382
0.955895
1.47652
1.30661
0.945319
0.43899
0.750714
0.334945
1.41313
0.234085
1.07428
0.835106
1.61149
0.0720362
0.0454126
0.870895
1.65945
0.100291
0
0.119458
1.0982
0.769947
0
0
1.22864
1.24185
0
0
0.787123
1.3774
0.36395
0.439997
0.99127
1.16832
0.280424
0
1.17181
1.63159
0.139261
0.21746
0.14886
1.67433
0.175281
0.51454
0.220686
1.56229
0.0372951
0.343941
0.111025
1.86737
1.24641
1.2459
1.14188
0.568727
0.646747
0.648211
1.09242
0.358328
0.68564
0.464421
1.06129
0.623386
0.469161
0.769853
1.19249
0.512532
0.50605
0.854393
0.991028
0.777814
0.618921
0.690853
0.914784
0.476279
0.861536
0.392314
0.534977
0.768548
0.217363
0.744223
0.762198
0.905154
0.682556
0.20701
0.460229
0.00720198
0.126334
0.183141
0.559765
0
0
0
0.255008
0.243923
0
0.279246
0.0962058
0.660885
0.335731
0.403935
0.318842
0.118541
0
0
0
0.141482
0.139277
0
0
0
0
0
0
1.18039
1.05808
1.111
1.18152
2.21228
1.33299
1.42038
1.54167
1.09671
0
0
0
0.996391
0
0
0
1.01169
0
0
0
0
0.00409432
0.0323591
1.27871
0.69719
0.326653
0
1.33188
0.583417
0.568471
0.307636
1.40316
0
0.537046
0.287321
1.11602
1.22711
1.25998
1.25883
1.19632
0.169976
0.671029
1.02064
0.456328
0.345808
0.592641
0.729257
0.50281
0.985218
0.810638
1.04026
1.41345
0.877655
0.881364
0.762492
1.04929
0.57831
0.836035
0.317673
1.20915
0.533187
0.597239
0.683086
1.57192
0.831963
0.751521
0.754607
1.26681
1.92116
1.79418
1.81165
1.65944
0.949088
0.762204
0.705329
0.301341
0.979372
0.461006
0.789013
0.273387
0.889758
0.505275
0.679246
0.670049
0.791684
0.514457
0
0
1.54889
1.53192
0.541316
0
1.39866
1.60899
0.159989
0
0.926357
1.15409
1.00706
0.713298
0.0622159
0
0
1.5575
0.159962
0
0
1.49754
0
0.623729
0
1.25347
0.232924
0.113664
0.120542
1.54486
1.55199
1.36112
1.47035
1.46252
0.539826
0.329459
0.446912
0.52523
0.734084
0.0622756
0.165969
0.897394
0.739163
0.216059
0.312692
0.626031
0.0518597
0
0
0.299415
0.532911
0.0537015
0.248056
0.422714
0.0237572
0.56657
0.578487
0.426559
0.0465013
0
0
0.217838
0.513474
0.0771196
0.18364
0.149627
0.710688
0.691178
0.362867
0.231297
0
0.65125
0.502472
0
0.409156
0.274643
0.0429087
0.293895
0.0829885
0.356384
0.161861
0.353318
0.330395
0.600195
0.682836
1.39599
0.603718
0
0.808685
1.00243
1.29869
1.29987
1.33894
1.73684
1.22372
0.430798
0.663484
0.330855
1.17812
0.421254
0.0665943
0.316293
1.22856
0
0.240113
0.321481
1.47232
1.44251
1.46769
1.34658
0.727113
0.424533
0.304769
0.190049
0.52833
0.397995
0
0.0874171
0
0
0.130416
0
0.0140054
0.227814
0.17457
0.70528
0.363878
0.0212751
0.396991
0.835259
0.124657
0.511172
0.640252
0.84981
0.742702
0.310985
0
0.737691
1.78176
1.66274
1.49498
1.89447
1.81751
0.952136
1.13158
0.677977
1.20944
1.03098
1.45424
0.590694
1.02021
0.635293
0.905107
0
1.27933
0.165181
0.412814
0.526022
0.655909
0.483159
0.421101
1.72783
0.239431
0.753847
0.232563
1.60771
0.0121175
0.464292
0.546904
1.88701
0.233271
0.225191
0.241855
1.72797
1.58924
1.63254
1.49518
1.57912
0.769212
0.592274
0.724
0.264738
0.474001
0.803436
0.606271
0.530257
0.66124
0.406829
0.138624
0.535593
0.498067
0.293276
0.530525
0.362348
0.412523
0.300951
0.635958
0.625578
0.83787
0.19027
0
0.657903
0.76559
0.773607
0.853313
0.585715
2.02412
1.84158
1.7734
2.08236
0.320277
0.543425
0.314817
0.309234
0.449581
0.0287082
0.332567
0.271626
0.503464
0
0.273088
0
1.69794
0.391219
0.270045
0.381908
1.06515
0.338284
0.406709
0.0800052
1.33622
0.196047
0.54259
0.231235
1.28658
0.745033
0.564569
1.08762
1.40203
0.231679
0.0858637
1.22754
1.18507
0.293762
0.198189
0.968643
1.05521
0
0.452184
0.871502
1.26107
0.550281
0.516012
1.29944
1.55177
1.89374
1.67299
1.47274
0.721663
0.709981
0.167067
0.937536
0.586743
0.163679
0.65959
0.64676
0.514866
0.244771
0.390252
0.630816
0.0789223
0.0104891
0.170235
0.0465335
0.151964
0.0773797
0.0316877
0
0
0.106668
0
0
0.90015
0.514353
0.616729
0.443288
1.11361
1.16658
1.12562
1.07931
0.554252
1.34675
0.720394
0.444675
0.644089
0.902968
0.393355
0.785956
0.273112
1.28857
1.02883
0.570324
0.512981
0.789136
0.738052
0.682863
0
0
0
0.220321
0.13309
0
0
0.28927
0.413067
0.379151
0.323593
0.319339
0.356234
0.478024
0.239043
1.10568
0
0.605804
0.605461
0.87206
0
0.404545
0.690433
1.18616
0.936166
1.03954
1.20508
1.33748
0.10688
0.318056
0.195293
1.08898
0
0.836665
0.417686
0.923354
0
0
0.87916
0.778177
0.366186
0.134084
0.21295
0.678227
0.784854
0.716423
0.780803
0.81142
0.99603
1.1772
0.853569
0.760646
1.49745
1.37576
1.5457
0.879191
1.58258
1.71081
0.876023
0.919856
0.429415
0.673589
0.517579
1.38264
0.573326
0.590235
0.335925
1.67587
0.410455
0.951562
0.813867
1.59292
0.139721
0.644697
0.658759
1.57469
0.717638
0.76608
0.4444
0.568873
0.292876
1.02954
0.16926
0.660455
0.327744
0
0.894606
0.707211
1.16596
0.886737
0.80488
1.02289
0.215438
0.928625
0.866029
0.495813
0.59956
0.64724
0.299523
0.431007
0.470645
0
0.697188
0.594435
1.67647
1.60979
1.38461
1.41845
0.764164
0.756077
0.752719
1.30934
0.0710992
0.310685
0.15071
0.665365
0
0.664903
0.636301
0.6524
0.196274
0.0152208
0.177312
0.832841
0.986742
0
0
0
1.08442
0
0
0.107924
0.952305
0.585435
0.246574
0
1.60203
1.12526
1.0115
1.04811
0
0.232683
0.153923
0.443113
0
0.0203294
0.147336
0.310766
0.19224
0
0.00638555
0.435251
1.17883
1.29033
1.38884
1.47245
0.65473
0.590402
0.348257
0.880307
0.601127
0.367076
0.0400113
0.428522
0.999382
0.0643462
0
0.495638
0.992104
0.596768
0.370595
0.325185
0.413284
0.112565
0.24979
0.197921
0.69302
0
0
0.538238
0.389634
0
0
0.0119835
1.36581
1.51072
1.18863
1.04415
1.09641
0.417536
0.466875
0.804489
1.10873
0.492163
0.606897
0.679426
0.943389
0
0.406937
0.698456
0.961309
0.552088
0.60509
1.00847
1.7996
1.58507
1.60769
1.78701
1.33386
0.157838
0.464563
0.620023
1.28535
0.556083
0
0.576943
1.06678
0.359266
0.492009
0.658625
0.883187
0.912197
0.506004
0.667401
0.840065
0.518773
0.935392
0.727525
0.844519
0.7259
0.255383
0.312096
0.920838
0.595758
0.547919
0.538193
0.962408
0.986979
0.905524
0.998047
0.233215
0.581831
0.249099
0.42497
0.411028
0.25838
0.453473
0.439097
0.742852
1.0819
0.926036
0.805961
0.56199
0.830405
1.23815
1.29241
0.90475
0.478231
0.616273
1.32435
1.35402
1.25366
0.678791
1.2676
0.471753
0.879567
0.926396
1.19762
1.03549
0.135061
0.377964
0.292508
1.21745
0.0431899
0.36741
0.294238
1.43534
0.111871
0.383673
0.450167
1.32323
0.391697
0.204405
0.116987
0.413339
0.350964
0.391426
0.436669
0.96864
0.0647099
0.312006
0.53288
0.744544
0
0.333366
0.313304
2.06327
2.15065
1.97209
1.77968
1.33071
1.02111
1.14778
0.926279
1.24622
0.867174
0.798281
0
0.807515
1.06959
0.281424
0
0.748435
0.995071
1.1975
0.729307
1.1109
0
0
0.553562
0.957113
0
0
0.503252
1.0207
0
0
0.268931
1.70659
0.495851
0.479994
1.27688
1.46793
1.07265
0.902865
0.85577
0.556408
0
0.670712
0.59724
0.771976
0.161176
0.394824
0.330448
1.02238
0
0.597549
0.554149
0.775294
0
0
0
1.44104
0
0
0
1.39841
0
0
0
1.35375
0.516473
0.517692
0.373285
0.937857
0.574461
0.54956
1.33413
0.719042
0
0.814379
1.34505
0.724531
0
0
0.62917
0.672799
0
0
1.24641
0.349155
0.476768
0.723665
1.20529
0.244513
0.524566
0.503808
1.24508
0.486765
0.787044
0.75221
1.00397
0.682858
0.620157
0.483514
0.936816
0.561086
0.716694
0.743767
1.25946
0.335158
0.525857
0.519725
0.848835
0.500401
0.643813
0.487388
1.14027
1.46884
1.3927
1.45092
1.41603
0.568851
0.466337
0.842039
0.625104
0.472604
0.824019
0.615999
0
0.160641
0.825428
0
0
1.11373
1.02808
0.727234
0.764565
1.08565
1.16924
1.02164
1.09596
0.745371
0.170766
0.224451
0.566336
0.674866
0
1.06212
0.239243
0.459099
0.451983
0.215598
0.434156
2.00481
0.162209
0.255332
0.314638
1.65991
0
0
0
1.65244
0
0
0
1.93751
0
0.544004
0.0652782
0.914283
0.787028
0.676403
0.89614
0.208371
0.656974
0.317087
0.395006
0.217181
0.134097
0.331991
0.26172
1.64018
1.87376
1.86842
1.50152
0.9966
0.902345
0.751202
1.44953
0.747317
0.800401
1.07965
1.50105
0.341684
1.30536
0.0924573
1.5411
0.720331
1.14786
1.40017
2.39006
1.805
0.584124
0.369751
0.56981
1.19765
0.790274
0
0
1.20005
0.935609
0.785819
0
1.2072
0.479298
0.287727
0.236043
0.35972
0.431219
0.398161
1.54377
0
0
0
1.81638
0
0
0
1.54542
0
0
0
1.53167
0.431133
0.397428
0.322025
0.489795
1.37689
0.585413
1.35308
0.656922
1.19455
1.28606
0.277062
0.407398
0.873939
0.665673
0.843986
0.488862
1.48832
1.48695
1.62101
1.6067
0.880419
1.28967
0.979338
1.00638
1.15886
0.898756
1.28018
0.971552
0.328913
1.04745
1.1709
0.531126
0.609453
0.863977
0.0982089
0.326407
0.569436
0.489281
0.518821
0.566899
0.0953193
0.343673
0.347651
0.356618
1.53853
1.27788
1.52169
1.39594
0.0740118
0
0.211078
0.71433
0
0.065759
0.458785
1.15319
0.512853
0.226602
0.186337
1.16209
0.699007
0.625108
0.466376
1.22873
0.760268
0.717079
0.896166
0.438657
1.12017
0.782878
0.563215
0.256756
0.670889
0.92015
0.631485
0.801249
0.248925
1.10356
0.856712
0.62313
1.03331
1.37985
1.16812
1.07455
0.668153
0.339875
1.50468
0.653952
0.53873
0.918435
0.102275
0.4578
0.735781
0.107184
0.333598
0.749074
0.467704
0.388598
0.297785
0
0.506278
1.02779
1.08314
0.556105
0.46298
0.546887
0.333941
0.0347864
2.22184
2.17065
2.02186
2.06593
0.806131
0.778548
0.35509
0.465266
0.929
0.839098
0.229141
0.319492
0.881788
0.853659
1.06702
0.791453
0.442713
0.88011
0.461616
0.311891
0.0717319
0.566218
0.501475
1.16052
0.129316
0.444632
1.17118
1.38167
0
0.557447
1.56456
1.2812
0.590782
0.616123
0.978165
1.12866
0.435421
0.492638
0.738609
0.956277
0.72632
0.266761
0.420721
0.467839
0.728028
0.553781
0
0.292952
0.419238
0.274784
0.00890742
0.388272
0.424793
0.23754
0.23276
0.806237
0.701855
0.931978
1.06442
0.868763
0.312476
0.82151
0.689672
1.02409
0.864156
0.981812
0.85411
0.992678
0.423799
0.190199
0.283991
0.0747419
0.917183
0
0
0
1.01486
0
0
0
0.526474
0.421496
0.15528
0.0242759
0.292386
0.860772
0.00735731
0.246171
0.512194
0.788947
0.368177
0.341185
0.613636
0.344075
0.833417
0.370722
0.96178
1.13697
0.822409
0.469729
0.713689
0.23378
0.27947
0.338805
0.601692
0.595913
0.581656
1.18727
0.643663
0.800349
1.40909
0.326015
1.12529
0.229442
0.348016
0.615595
1.08361
0.758524
0.746195
0.647277
0.163126
1.0175
0.368782
0.513683
0.613722
0
0.353808
0.920597
1.12725
0.976096
0.90707
1.14831
1.24546
1.36809
1.71498
1.81994
0.888931
0.448118
0.61424
1.82818
1.21328
0.379635
1.17877
1.49101
0.40363
0.83333
0.548805
1.00939
0.0422607
0.115525
0.359979
0.556178
0.618676
0.199643
0.490423
0.923092
1.49205
1.51772
0.0470104
0.846425
0.459853
0.892367
0.505878
0.678103
1.54652
0.740083
1.20896
1.18132
1.63595
0.374168
0.508989
1.0819
1.69398
0.712521
0.487851
0.809078
1.08447
0.601956
0.378516
0.646203
1.29033
1.08896
0.982527
1.10427
0.411993
0.228108
0.497653
0.152993
0.268199
0
0.0894404
0
0.578054
0.719281
0.476766
0.796188
0.962945
0.0313332
0.422337
0.39168
1.12132
0.343
0.598303
0.806118
0.819536
0.677726
0.1907
0.874319
0.71381
0.361574
0.285181
0.570831
0.468622
0.746009
0.740097
0.552559
0.992684
0.649779
0.715936
0.406348
0.667364
0.866184
0.768245
1.02335
0.825854
0.742721
0.471154
0.989556
0.372577
0.752374
0.730491
0.662434
0.417255
0.202039
0.116819
0.545074
0.338296
0.578575
0.710778
0.749916
0.467118
0.259789
0.0812116
0.322565
1.01314
1.19302
1.06329
1.29744
0
0
0
0
0.166088
0
0.0914201
0.151599
0
0.632912
0
0
0.839399
0.215367
0
0.488833
0.836116
0.310919
0.146975
0
0.535275
0.141043
0
0
1.03364
1.04011
0.986213
1.35489
0.350638
0.731479
0.673824
0.325964
0.925001
0.90335
1.42676
0.669204
0.861708
0.911366
0.739327
0.590277
1.41826
1.54438
1.5575
1.62076
1.34138
0.940625
1.0883
1.18472
1.09285
1.3559
1.16558
1.08949
1.00855
0.574004
0.945391
0.720371
1.61486
1.58501
1.44161
1.23142
1.52296
0.872939
0.967854
0.906905
1.19911
0.756995
0.502984
0.589321
1.01668
0.778513
0.342976
0.13816
1.23463
0.0717484
0.195698
0.346757
0.636533
0.242755
0.25545
0.198316
0.836221
0.430559
0.350726
0
0.703343
0.192339
0.189718
0.263806
0.753301
0.808677
0.8298
0.631487
0.935404
0.350224
0.36853
0.609985
1.09625
0
0
0.389919
0.951786
0.894106
0.285466
0.679451
0.852555
0.901997
1.02833
0.717346
0.687014
0.336866
0.207528
0.805937
0
0.0353231
0.278229
0.590335
0.146615
0.0909809
0.192787
0.330427
0.857572
1.02236
0.812769
0.984242
1.58452
1.33284
1.40701
1.29137
0.656442
0.652553
1.04553
0.863235
0.205133
0.465964
0.339034
0.234274
0.50373
0.530388
0.457895
0.491265
0.759793
0.520899
0.871335
1.12597
0.876947
0.150139
0.640074
1.21479
1.19943
1.04388
0.441595
1.43426
0.720834
0.895533
0.444646
1.15537
0.673514
0
0.0643913
0.837043
1.25663
0.153639
0.111916
0.429472
0.977014
0.403496
0.687655
0.83441
1.4099
0.452179
0.698992
0.639027
1.15933
0.799137
0.63771
0.72808
1.13822
1.14831
0.401825
0.630739
0.0154764
1.02758
0.960899
0.672525
0.638407
0.431155
0.574128
0.694189
0.704156
0.00862131
0.0687913
0.678812
0.865674
0.870996
0.274566
0.925173
0.675699
0.635326
0.744341
0.822907
2.00779
1.77124
1.73994
1.67192
0.285376
0.470843
0.283807
0
0.418023
0.338623
0.792249
0
0.107351
0.806619
0.422673
0
1.21299
1.18552
1.52372
1.35899
0.892461
0.546377
0.46973
0.368013
1.09426
0.870376
0.686149
1.00299
0.87504
0.373902
0.932254
0.886229
1.55522
1.69559
1.87367
1.7856
1.20686
0.855111
1.14769
1.41777
0.101414
0
0
0.68829
0.293528
0
0.701088
0.564916
0.195432
0.239768
0.214304
0.592023
0.169354
0.176924
0.608464
0.683749
0.197145
0
0.0668203
0.892214
0.787626
0.534091
0
0.758058
0.514531
0.591467
0.235886
0.603878
0.544072
0.691866
0.324826
0.856002
0.6479
0.608727
0.499287
0.240265
0.639251
0.490687
0.0446355
0.474016
0.394148
0.50103
0.444445
0.266265
0.904028
0
0.0308505
0.211745
0.645565
0.14782
0.08695
0.21007
0.472482
0.531191
0.648542
0
0.536676
0.0322423
0.319905
0.081407
0.829416
1.07237
0.96086
1.47724
1.01926
0.701059
0.565756
0.767475
0.863223
0.361056
1.00118
0.660998
0.562619
0.591026
0.577748
0.516383
0.484021
0.604357
0.457015
1.68562
0.52609
0.850357
0.849009
1.4609
0.4018
0.638723
0.900536
1.12477
1.14697
0.849597
0.958551
1.57849
0.284537
0.809236
0.72322
1.88074
0.0455259
0.381747
0.43777
2.00614
0.579611
0.628017
0.290937
1.97297
0.16499
0.383104
0.383749
1.74461
0.622451
0
0
0
0.818964
0
0.043996
0
0.537279
0
0
0
1.44293
0.316258
0.0543111
0.143965
1.78667
1.77676
1.65784
1.51152
1.35303
1.67222
1.51177
0
1.05667
1.31652
0.785191
0.170541
0.937431
0
0.385136
0
0.637554
0.653765
0.64752
0.961583
0.682992
0.461813
0.093136
0.123408
0.882244
0.691874
0
0.234757
0.703486
0.0605493
0
0.413479
0.986769
1.09816
0.83407
0.924553
0.481081
0.571887
0.403351
0.554956
0.548986
0
0.668891
0.575282
0.580429
0.250345
0.346832
0.81496
0.230987
0.433096
0.38188
1.26724
0.168578
0.483934
0.285208
0.977089
0.113772
0.343238
0.459609
0.979745
1.63555
1.79808
1.60443
1.46917
1.59754
0.10712
0.0761833
0
1.52988
0.207137
0.193181
0
1.70402
0.245208
0.665047
0.250451
1.74121
0
0.255058
0.0611808
1.07321
0.594555
0.37304
0.402237
0.402519
1.0509
0
0.450835
0.0163051
0.202749
0.93231
0.8271
0.857029
0.718372
0.782019
1.34383
0.198375
0.453593
0.399635
0.958292
0.118017
0.149952
0.177676
1.01855
0.231214
0.778077
0.211174
0.765884
0.393397
1.13436
0.918583
1.53773
0.678254
0.576035
0.496927
0.409769
1.39577
0.733542
1.0496
0.865231
0.787583
0.578172
0.72376
0.420219
1.62836
1.90027
1.92253
1.84259
0.913222
1.00277
0.88119
1.00644
0.535136
0.612875
0.743357
1.03442
0.629439
0.0788192
1.11608
1.16399
0.338759
0.0978964
1.01738
0.51909
0.715741
0.258088
0.43439
0.447295
0.536761
0.536012
0.47644
0.288299
0.606283
0.650127
0.193605
0.545082
1.47376
1.53585
1.35573
1.48266
0.917866
0.515493
0.464007
0.388623
0.623284
0.854225
0.78839
0.356934
0.770452
0.610186
0.0755641
0.656554
1.1302
0.654379
0.497679
0.521168
0.340938
0.283434
0.310296
0.957892
0.641068
0.456291
0.239111
0.943827
0.653301
0.688529
0.143693
1.03584
1.73725
1.79403
1.78684
1.92805
0.476632
0.246543
0.0164085
1.32638
0.417214
0.558602
0.447584
1.47561
0.511759
0.55581
0.486176
1.60788
0.93545
1.18449
0.858137
1.89096
0
0
0
0
0
0
0.365481
0.10369
0.162681
0
0
0
0.220841
0
0.0341579
0.156154
1.78333
1.7144
1.53033
1.84906
0.60555
0.468298
0.065887
0.592901
0
0.726747
0.272448
0.151887
1.14236
0
0.0211853
1.205
0.64456
0.426052
0.366541
0.675881
0.978535
0.377672
0.31339
0.00426849
0.88895
1.12353
1.06157
0.173754
0.873089
1.20845
0.920166
0.377963
0.392003
0.837705
0.595479
1.16651
0.317462
0.407327
0.899871
0.969768
0.408891
0.709783
0.102787
0.572223
0.478483
0.62598
0.576795
0.711574
0.688995
0.848584
0.908864
1.49388
0
0.367052
0.270258
1.14585
0.193468
0
0.65576
0.874981
1.22128
1.04511
1.06325
1.46562
2.10904
2.11011
1.95078
2.14891
1.12785
1.058
1.15559
0.865626
1.19222
0.744774
0.680227
0.289285
1.0716
1.2531
0.466493
0.757728
0.516855
0.393693
0.502062
0.473537
0.375296
0.476644
0.19446
0.319989
0.339663
0
0.928726
0.528828
1.04
0.832574
0.324819
0.386275
0
0
0
1.18558
0
0
0
1.33618
0.246055
0
0
1.28237
1.00864
1.11162
1.06214
1.74794
1.59856
0.559982
0.35226
0.853976
1.19061
0.637585
0.997688
0.60882
0.678088
0.541849
0.628073
0.649746
1.08532
0.646779
0.813692
1.5661
0.997695
0.583232
0.451807
0.303601
0.232657
0.177729
0.396299
0
0.446619
0
0.643675
0
0.793352
0.544958
0.58068
0.886509
2.05498
0.821365
0.936244
1.00407
1.12413
1.22364
0.535196
0.369803
1.30279
0.150673
0.601138
0.769977
1.13425
0.36216
0.794648
0.715025
0.936285
0.728741
0.643539
0.208291
1.22386
0.824715
0.280082
0
0.992901
0.401887
0.432153
0
0.960704
0.533993
0.867403
0.489302
1.49395
1.61089
1.47101
1.86175
0
0.384155
0.568527
1.00575
0.374023
0.665497
0.212874
1.02738
0.463088
0.946722
0.555007
1.17786
0.051953
0.874127
0.701236
0.730995
1.28338
0.280831
0.787478
1.16023
1.05559
0.21652
1.1186
0.986922
1.14316
1.0538
1.23164
0.910691
0.261673
0.580119
0.488881
0.494071
0.0689531
0.46316
0.23947
0.614272
0.446524
0.348834
0.464338
0.622799
0.559447
0.345073
0.486362
0.778166
0.117752
0.127575
0.0178619
1.07468
0.172246
0
0.340347
1.17923
0.275305
0.0861097
0.121882
0.896763
0.764014
0.0966586
0.215266
1.18737
0.916655
1.17899
1.0507
0.975971
0
0.302245
0.342002
0.0700456
0.0399669
0
0.19021
0
0.865319
0.854933
0.745078
0.72549
0
0.119851
0
0.899204
0.066501
0.137888
0.156748
1.16799
0
0
0.207816
0.922228
1.6099
1.69472
1.24307
1.86766
0.225219
0.647687
0.92522
1.12868
0
0
0
0
0.0895268
0.474214
0.566249
0.21583
0.0817691
1.16914
0.297199
0.19849
1.37937
1.50855
1.60348
1.84165
0.293653
0.388307
0
0.967008
0.605343
0.894907
1.12608
0.996353
0
0.385969
0.191633
0.786989
0.215224
0.499637
0.222001
1.34945
0.0979499
0.409281
0.114748
1.38118
0.062692
0.0230452
0.288779
1.68836
0.381447
0.0422542
0.158605
1.39175
0.626552
0
0.0539662
0.971223
0.68709
0.500476
0.756758
1.15097
0.817672
0.0636328
0.173685
1.25721
1.47662
1.4875
1.53364
2.2828
1.21735
1.03054
1.18954
1.03123
0.807527
0.928623
0.472942
0.222385
0.886572
0.94788
1.07862
0
0.882374
0.878964
0
0.235999
0.038146
0.141247
0.194344
1.35523
0.136455
0
0.387598
1.61414
0.359496
0.568833
0
1.25997
0.301943
0.245873
0.394267
1.03278
0.314903
0.519742
0.784987
1.6906
0.922066
0.350102
0.504007
1.85132
0.502652
0.665388
0.360986
1.30594
0.920423
1.44176
1.62725
1.64364
0.426279
0.130798
0.632891
0.474488
0.733006
0.25549
0.208769
0
0.600579
0.671506
0.539239
0.343078
0.471399
0.384384
0.36081
0.0588163
1.15372
0.454766
0.325716
0.406937
1.08282
0.470519
0.0695188
0.65079
0.931875
0
0.252026
0.423601
1.11369
0.234366
0.329724
0.471932
1.50018
0.536948
0.701029
0.608165
1.67959
0.426665
0.754316
0.688002
1.55351
0.867742
0.0380819
0.485825
1.58984
0.552991
0.321445
0.465546
0.106229
0.19989
0.742752
0.539564
1.02109
0.191155
0.41557
0.76321
1.17224
0.513705
1.02054
0.880104
1.13734
0.632778
0.931333
0.609232
1.1707
1.60087
1.28429
1.54293
0.453959
0.0340834
0.46047
0.137314
0.573853
0.65968
0.0307736
0.368496
0.67022
0.556642
0.574254
0.370756
0.603803
0
0
0.27722
1.08473
0.172003
0.137391
0.326201
1.53647
0
0.74503
1.21023
1.48865
1.10322
1.11708
1.08583
1.58176
1.40897
1.37691
1.47684
0.342227
0.273328
0.337519
0.442136
0.0151167
0.541486
0.0234864
0.351146
0
0.0922499
0
0.458431
2.08845
1.24086
1.07244
1.08296
1.64074
0.779678
0.633168
0.334564
1.06569
1.01865
0.332455
0.2845
1.1954
1.16474
1.00283
0.597569
1.3516
0.623381
0.509106
0.514046
0.572868
0.560462
0.510102
0
0.453693
0.621905
0.295578
0
1.21773
0.769423
0.54899
0.675744
1.28426
0.508516
0.58671
0.302761
1.61662
0.462973
0.186921
0.0936668
1.44616
0.545125
0.389751
0
1.48044
0.293943
0
0.152725
1.171
0
0
0
1.12589
0
0
0
0.708968
0
0
0
1.04328
0
0
0.0768593
0.393971
0.649977
0.384683
1.16323
0.430006
0.161341
0.146254
1.01436
0.136563
0.22738
0.508422
0.87998
0.849371
1.12964
0.517538
1.40524
0.752015
0.683721
0.582523
0.612727
0.575538
0.190713
0.325255
0
0.479203
0.250923
0.535953
0.0542916
0.360209
0.652417
0.268101
0
1.4123
1.39894
1.37714
1.6044
0.0276594
0.140968
0.217076
0.614631
0
0.257852
0.432171
0.770551
0.373792
0
0.0698507
0.666438
1.35465
1.33381
1.14361
1.41395
0.697487
0.934351
1.64745
0.869555
0.257183
1.59598
1.2025
1.08781
0.658651
0.503818
0.889303
1.06875
0.577918
0.963055
0.803608
1.08429
0.243844
0.546202
0.602349
0.51396
0.755646
0.526978
0.518125
0.811192
0.671084
0.798947
0.232042
0.431184
1.27745
0.222082
0.60067
0.374671
1.826
0.0830658
0
0
1.9493
0.817075
0.346572
0.118957
1.45617
0.651183
0.845515
0
1.00891
1.03786
0.639073
0.397501
0.795083
1.25374
1.0467
0.59535
0.11026
0.377641
0.417415
0.441846
2.14033
2.09075
1.68495
1.77134
1.10503
1.51716
1.1718
1.56793
0.180097
0.656914
0.348885
1.24047
0.228618
0.287578
0
0.910334
0.0117496
0.291116
0.193301
0.937014
0.0747919
0
0
0
0.134719
0
0
0
0.320135
0.381417
0
0
0.814157
0.747341
0.543957
0.936569
1.60709
0.720343
0.970937
1.01137
1.88559
0.528212
0.265912
0.580371
1.63447
0.323934
0.986866
0.750547
1.11581
0.732273
0.580818
0.084261
1.26914
0.811664
0.4506
0.420293
1.57517
1.66466
1.31621
0.66215
0.689075
1.87889
0.913882
0.395835
1.58097
1.32318
1.32879
1.40782
0.500423
0.170753
0.223283
0.039226
0.669282
0.428727
0.403801
0.0719053
0.872136
0.928111
0
0.0413413
0.559104
0.374191
0.355595
0.527296
0.668147
0.227236
0.353245
0.867396
0.749434
0
0.321603
0.657451
0.737689
0.0625208
0.0577585
0.941683
0.520828
0.52158
0.3953
1.01587
0.509855
0.222835
0.400883
0.400209
0.0852929
0.0715747
0.0173127
0.495662
0.121095
0.294109
0.614795
0.119558
0.30666
0.337728
0
0.360292
0.15339
0.400164
0
0.795002
0.0695617
0.252237
0
0
0
0.264339
0
0.201559
1.27202
1.23236
1.02509
1.24563
1.5427
1.11522
1.46786
1.67008
0.322536
0.104084
0.594965
1.11102
0.60855
0.130863
0.390973
1.10681
0.928871
1.4069
0.687929
0.963502
0
0.404932
0.258723
0.949195
1.20735
0.386582
0.190254
0.626403
0.918851
1.18073
0.389304
0.844802
0.533018
1.23532
0.778265
0.988239
0.798814
0.640551
0.631171
0.444875
0.567036
0.582547
0.205491
0.784889
0.392712
0.12994
1.10046
0.5073
0.445729
0
0
0.0137009
0.756999
0.0823346
0.0581867
0.394871
0.313821
0
0
0.192351
0.190548
0
0
0.17509
0.26192
0.0460443
0
0.869863
0.779587
0.0788984
0.34474
0.259113
1.07213
1.08677
1.16194
0.112491
0.0105276
0.788354
0.530626
0.481273
0.672175
0.818672
0.969011
1.09571
0
0
0
0.484587
0
0
0
0.0129186
0
0.162987
0
0.172785
0.403792
0
0.267054
0.612839
0.0551291
0.241713
0.35959
1.90732
0
0
0.265034
1.33696
0
0.00469358
0
1.4352
0.928284
1.14854
1.15804
1.87434
0.337868
0.765122
0.393453
1.85714
0.277553
0.0232613
0.285876
1.29538
0.327317
0.423053
0
1.44839
0.238092
0.159284
0.0705527
1.62414
0.891752
0.903257
0.711916
0.551215
1.03677
0.711875
0.898864
0.378112
0
0.839041
0.497372
0.312658
0.316114
0.30373
0.275871
0.66216
0.36501
0.975073
0.526898
0.790658
0.324583
0.791342
0.585617
0.892154
0.476009
0.173252
0.77668
0.983615
1.2481
1.10804
0.887414
1.08497
0.147601
0.289732
0.119172
0.204152
0.230505
0.85653
0.550308
0.439687
0.599423
0.58701
0.142156
0.105825
1.1702
1.43563
1.56314
1.50479
0.304463
0.463528
0.424663
0.94716
0.113601
0.519898
0.723898
1.26506
0.273479
0.696912
0.17657
1.15273
1.34695
1.42042
1.54886
2.09793
1.84332
0.263163
0.486988
0.27651
1.44101
0.630142
0.290737
0.0934099
0.910235
0.412941
0.5336
0.134051
1.63865
0.567057
0.945749
0.142322
1.5759
0.638001
0.709083
0.513668
1.41236
0.30208
0.429244
0.273497
1.42949
0.682404
0.611613
0
1.10125
0.441337
0.258235
0.0613643
2.12137
1.43302
1.45066
1.24558
1.63954
0.375841
0.16817
0.380267
1.51404
0
0.512818
0.320319
1.50614
0.308548
0.543794
0.122622
0.844404
0.73356
0.845109
1.49164
0.293302
0.0811154
0
1.66568
0.225631
0.137441
0.0800724
1.53629
0.173931
0
0
1.24567
1.30352
0.883576
1.18606
0.916635
0.167271
0.107345
0.198849
0.325062
0.604377
0.386177
0.0422114
0.0363518
0.390853
0.413893
0.111687
0.572733
0.805192
0.541394
0.636912
1.07521
0.843788
0.55609
0.364778
1.06407
0.607031
0.478829
0.203849
1.05524
1.20447
1.31951
1.43083
1.4647
0.814136
0.282701
0.506632
0.524107
0.838495
1.12096
0.216703
0
0.845623
0.741416
1.08973
0.816814
1.29608
1.04024
1.31799
1.17485
1.50758
1.36389
1.30802
1.60183
0.0212948
0
0.114035
1.23598
0.416955
0
0
1.33723
0.512697
0.001828
0.0047102
1.14402
0.718265
0.577464
0.851838
1.94956
0.0754646
0.461525
0
1.55434
0.0669045
0.360435
0.457445
1.51197
0.46224
0.903996
0.981335
1.4227
1.11264
0.716062
0.849683
0.862529
0.737354
0.409007
0.345845
0.549037
0.532185
0.317209
0.597073
0.591379
1.04333
0.89711
0.796567
1.0931
0.816114
0.502694
0.774694
0.686909
1.06414
0.0599151
0.114801
0.113252
0.466787
0
0.310256
0.0598332
0.257928
0.993121
0.54228
0.156199
0.285614
0.159775
0.151223
0.478158
0.0755057
0.558061
0.496005
0.72729
0
0.471342
0.986647
0.539503
1.64284
1.68405
1.63594
1.91767
0.685257
0.597084
0.555862
0.23326
0.567575
1.31967
0.906603
0
1.02758
0.918108
0.369387
0.336211
0.833951
0.682363
0.955945
0.789632
0.416062
1.01942
0.793002
1.92532
0.551306
0.557486
1.0852
1.86857
0.809263
0.397051
0.635895
1.80616
0.528607
0.34039
0.223832
1.90103
0
0.410067
0.60405
0.969027
0.0542079
0.244845
0.203491
1.10623
0.214523
0
0.217467
0.933878
0.160817
0.0935908
0.489223
1.09966
1.92814
0.858202
0.680762
0.687182
1.80905
0.546257
0.477253
0.124238
1.75746
0.830519
1.07093
0.0994907
1.61912
0
0.0679377
0.109089
0.42338
0.601809
0.354208
1.63905
0
0.657896
0.272041
1.75838
0
0
0.176689
1.32635
0
0
0.065908
1.35433
0.587483
0.478754
0.760849
1.20007
0.789432
0.870206
0.498864
0.972749
0.271039
1.03371
1.93849
1.22302
0.875733
0.415594
0.943935
0.864287
