-0.40206 -0.40206 -0.40206 -0.40206 -0.40206 108.06963 -0.40206 -0.40206 4.30313 6.19849 -0.40206 138.45964 479.25058 180.08955 160.80446 19.83078
-0.40206 -0.40206 -0.40206 -0.40206 -0.40206 -0.40206 -0.40206 -0.40206 -0.40206 -0.40206 -0.40206 -0.40206 -0.40206 38.24581 115.29441 -0.40206
-0.40206 -0.40206 -0.40206 -0.40206 -0.40206 -0.40206 -0.40206 -0.40206 -0.40206 -0.40206 -0.40206 -0.40206 -0.40206 -0.40206 -0.40206 -0.40206
-0.40206 -0.40206 -0.40206 -0.40206 -0.40206 -0.40206 -0.40206 -0.40206 -0.40206 -0.40206 -0.40206 -0.40206 -0.40206 -0.40206 -0.40206 -0.40206
-0.40206 -0.40206 -0.40206 -0.40206 -0.40206 -0.40206 -0.40206 -0.40206 -0.40206 -0.40206 -0.40206 -0.40206 -0.40206 -0.40206 -0.40206 -0.40206
-0.40206 -0.40206 -0.40206 -0.40206 -0.40206 -0.40206 -0.40206 -0.40206 -0.40206 -0.40206 -0.40206 -0.40206 -0.40206 -0.40206 -0.40206 -0.40206
-0.40206 -0.40206 -0.40206 -0.40206 -0.40206 -0.40206 -0.40206 -0.40206 -0.40206 -0.40206 -0.40206 -0.40206 -0.40206 -0.40206 -0.40206 -0.40206
-0.40206 -0.40206 -0.40206 -0.40206 -0.40206 -0.40206 -0.40206 -0.40206 -0.40206 -0.40206 -0.40206 -0.40206 -0.40206 -0.40206 -0.40206 -0.40206
-0.40206 -0.40206 -0.40206 -0.40206 -0.40206 -0.40206 -0.40206 -0.40206 -0.40206 -0.40206 -0.40206 -0.40206 -0.40206 -0.40206 -0.40206 -0.40206
-0.40206 -0.40206 -0.40206 -0.40206 -0.40206 -0.40206 -0.40206 -0.40206 -0.40206 -0.40206 -0.40206 -0.40206 -0.40206 -0.40206 -0.40206 -0.40206
-0.40206 -0.40206 -0.40206 -0.40206 -0.40206 -0.40206 -0.40206 -0.40206 -0.40206 -0.40206 -0.40206 -0.40206 -0.40206 -0.40206 -0.40206 -0.40206
-0.40206 -0.40206 -0.40206 -0.40206 -0.40206 -0.40206 -0.40206 -0.40206 -0.40206 -0.40206 -0.40206 -0.40206 -0.40206 -0.40206 -0.40206 -0.40206
-0.40206 -0.40206 -0.40206 -0.40206 -0.40206 -0.40206 -0.40206 -0.40206 -0.40206 -0.40206 -0.40206 -0.40206 -0.40206 -0.40206 -0.40206 -0.40206
-0.40206 -0.40206 -0.40206 -0.40206 -0.40206 -0.40206 -0.40206 -0.40206 -0.40206 -0.40206 -0.40206 -0.40206 -0.40206 -0.40206 -0.40206 43.82826
-0.40206 -0.40206 -0.40206 -0.40206 -0.40206 -0.40206 -0.40206 -0.40206 140.17276 29.28151 48.55801 -0.40206 -0.40206 -0.40206 -0.40206 -0.40206
-0.40206 -0.40206 -0.40206 -0.40206 -0.40206 -0.40206 -0.40206 -0.40206 -0.40206 -0.40206 -0.40206 -0.40206 -0.40206 -0.40206 -0.40206 -0.40206
