74.99931 105.31581 -0.35975 -0.35975 -0.35975 -0.35975 -0.35975 -0.35975 -0.35975 -0.35975 -0.35975 -0.35975 -0.35975 -0.35975 -0.35975 -0.35975 -0.35975 -0.35975 -0.35975 -0.35975 -0.35975 -0.35975 -0.35975 -0.35975 -0.35975 -0.35975 -0.35975 -0.35975 -0.35975 -0.35975 -0.35975 -0.35975
89.63547 43.67909 -0.35975 -0.35975 -0.35975 -0.35975 -0.35975 -0.35975 -0.35975 -0.35975 62.12789 192.93471 278.03937 346.69308 355.36612 254.00177 205.02136 98.51002 89.68653 177.77603 148.83197 85.41396 165.63800 192.92950 128.54233 216.24507 228.42363 189.59964 123.18830 83.10895 75.11864 21.94642
-0.35975 -0.35975 -0.35975 -0.35975 20.68813 117.31899 213.70268 195.35023 177.93300 163.18095 227.80664 197.91069 236.69176 200.17818 226.35956 238.39085 447.60208 436.93359 554.89197 437.41034 307.64761 316.99417 481.71295 486.01779 507.04929 589.89081 558.77124 492.03180 483.33875 437.52008 287.14771 120.57320
247.41669 289.60220 273.00656 234.93629 141.31894 89.92346 40.03246 51.46780 40.49064 9.61920 -0.35975 -0.35975 -0.35975 -0.35975 -0.35975 -0.35975 -0.35975 -0.35975 51.60534 5.41216 -0.35975 -0.35975 -0.35975 -0.35975 -0.35975 -0.35975 -0.35975 -0.35975 -0.35975 -0.35975 13.89462 106.70609
25.94916 -0.35975 38.22793 -0.35975 6.81599 39.33590 -0.35975 -0.35975 -0.35975 -0.35975 -0.35975 -0.35975 15.60347 160.24374 152.64604 14.59844 -0.35975 -0.35975 -0.35975 -0.35975 -0.35975 -0.35975 67.26511 141.05650 59.08181 -0.35975 15.17197 69.77901 135.51077 -0.35975 31.89958 17.25427
-0.35975 -0.35975 -0.35975 -0.35975 -0.35975 -0.35975 -0.35975 3.68985 36.27627 203.14493 261.28766 280.82657 277.83749 200.44807 249.63280 393.21106 351.07080 312.51578 394.66449 282.91431 278.36627 36.21884 48.03411 119.17152 236.21867 217.71907 31.84590 91.29569 18.47604 126.68647 60.72757 34.58655
261.65170 389.69299 480.99002 564.36005 679.70697 769.13080 798.89709 651.23175 493.98544 254.85449 150.15756 164.83099 97.29138 -0.35975 -0.35975 -0.35975 -0.35975 -0.35975 -0.35975 -0.35975 -0.35975 -0.35975 -0.35975 -0.35975 -0.35975 -0.35975 -0.35975 -0.35975 -0.35975 -0.35975 57.37729 134.38792
435.37311 739.06055 644.65186 380.62827 160.67189 -0.35975 -0.35975 -0.35975 -0.35975 -0.35975 -0.35975 -0.35975 -0.35975 53.09629 70.77453 -0.35975 -0.35975 13.42315 123.11624 192.67618 135.81972 179.12294 102.25066 -0.35975 -0.35975 54.90030 192.32872 317.46671 279.19781 353.38428 403.89789 311.77917
-0.35975 -0.35975 -0.35975 -0.35975 -0.35975 -0.35975 -0.35975 -0.35975 -0.35975 63.17728 150.56702 110.63451 143.81195 307.70667 383.38571 248.42264 206.98213 86.89172 30.59769 128.33273 242.55891 320.91092 366.82657 474.17453 650.48016 606.12122 623.58124 391.05783 228.29890 15.68584 23.83706 -0.35975
191.97607 103.50655 171.96588 211.54785 195.30698 214.79860 316.52081 317.09454 300.00195 464.80948 254.03700 -0.35975 -0.35975 -0.35975 -0.35975 106.11821 77.00101 38.43071 -0.35975 -0.35975 63.84385 72.44880 373.00977 325.94156 163.03088 19.44736 -0.35975 -0.35975 -0.35975 -0.35975 -0.35975 -0.35975
182.70671 60.68148 -0.35975 -0.35975 -0.35975 28.73119 50.42888 6.01189 74.88071 159.41368 267.42807 448.97342 506.35880 368.97879 174.83968 184.74028 173.45329 364.63220 571.08069 636.09412 324.95966 -0.35975 -0.35975 -0.35975 -0.35975 -0.35975 -0.35975 52.13005 74.87831 111.55112 126.88571 53.59441
89.64771 3.90577 85.58317 174.39490 228.60310 207.95053 136.24681 59.40495 17.70467 -0.35975 -0.35975 108.42652 204.97675 239.17300 357.03815 319.52487 365.44974 107.73418 86.18336 41.70749 -0.35975 -0.35975 -0.35975 -0.35975 -0.35975 4.96514 37.36162 -0.35975 -0.35975 -0.35975 35.68797 -0.35975
230.34995 233.34161 189.74858 111.47559 50.11318 19.47772 39.90622 73.85638 86.84552 67.62868 48.99691 -0.35975 -0.35975 -0.35975 -0.35975 -0.35975 -0.35975 -0.35975 -0.35975 -0.35975 -0.35975 7.02570 73.50217 113.35111 74.82936 9.52288 -0.35975 -0.35975 -0.35975 -0.35975 -0.35975 -0.35975
58.90936 76.62131 28.04720 -0.35975 -0.35975 -0.35975 -0.35975 -0.35975 -0.35975 -0.35975 -0.35975 -0.35975 -0.35975 -0.35975 -0.35975 -0.35975 -0.35975 -0.35975 -0.35975 43.01495 72.62951 70.86871 33.92519 -0.35975 -0.35975 -0.35975 52.50911 111.23477 -0.35975 6.77474 -0.35975 -0.35975
-0.35975 1.96390 28.13238 44.73750 52.86192 50.41986 44.22102 -0.35975 -0.35975 -0.35975 -0.35975 -0.35975 -0.35975 -0.35975 -0.35975 -0.35975 -0.35975 -0.35975 76.22325 29.65944 9.14031 -0.35975 -0.35975 -0.35975 -0.35975 -0.35975 49.21938 4.78433 91.53364 47.30694 -0.35975 14.42288
-0.35975 -0.35975 -0.35975 2.54236 -0.35975 -0.35975 -0.35975 -0.35975 -0.35975 26.91386 30.95634 -0.35975 -0.35975 -0.35975 92.03352 127.51186 105.88783 59.34137 -0.35975 -0.35975 -0.35975 -0.35975 -0.35975 -0.35975 -0.35975 -0.35975 -0.35975 -0.35975 89.80360 110.01213 144.67403 28.68896
8.87508 -0.35975 -0.35975 -0.35975 -0.35975 -0.35975 -0.35975 -0.35975 -0.35975 -0.35975 56.68062 166.80344 230.29805 204.28403 155.21414 32.81353 -0.35975 -0.35975 -0.35975 -0.35975 -0.35975 -0.35975 -0.35975 -0.35975 -0.35975 -0.35975 -0.35975 70.55983 79.57157 120.03554 113.61391 -0.35975
-0.35975 -0.35975 -0.35975 -0.35975 -0.35975 -0.35975 -0.35975 -0.35975 4.36022 -0.35975 -0.35975 -0.35975 -0.35975 -0.35975 -0.35975 3.72976 -0.35975 -0.35975 -0.35975 -0.35975 -0.35975 -0.35975 -0.35975 -0.35975 -0.35975 29.09508 106.96657 25.70665 -0.35975 37.25024 4.16265 -0.35975
84.67135 102.11928 24.28278 -0.35975 -0.35975 -0.35975 55.36316 104.36294 -0.35975 -0.35975 -0.35975 -0.35975 -0.35975 -0.35975 -0.35975 -0.35975 -0.35975 -0.35975 -0.35975 -0.35975 -0.35975 -0.35975 -0.35975 208.50185 351.60190 426.11697 331.40866 236.00206 124.63451 57.19364 12.02027 -0.35975
45.50277 47.62969 86.73051 85.10509 98.78552 107.10503 75.00851 -0.35975 -0.35975 53.19724 240.30032 500.01532 268.71683 -0.35975 -0.35975 -0.35975 -0.35975 -0.35975 -0.35975 -0.35975 -0.35975 150.83235 263.16373 204.19020 69.78181 -0.35975 -0.35975 47.96471 98.34427 84.70376 49.60696 -0.35975
47.08114 -0.35975 -0.35975 -0.35975 -0.35975 -0.35975 -0.35975 1.90247 22.41242 -0.35975 67.06553 8.20337 70.37111 -0.35975 -0.35975 -0.35975 -0.35975 -0.35975 -0.35975 134.99571 242.27995 226.66901 103.31658 -0.35975 -0.35975 12.56681 80.03770 114.70962 139.94182 199.82066 255.20921 93.35353
112.56184 -0.35975 -0.35975 -0.35975 -0.35975 -0.35975 -0.35975 13.53328 -0.35975 35.93445 47.85371 55.84546 106.91264 104.58203 16.62030 -0.35975 -0.35975 132.94675 241.76462 267.25644 184.72380 71.23067 41.28819 70.74648 135.08269 162.34982 172.84572 116.99413 97.24802 67.63552 65.05254 -0.35975
32.56203 -0.35975 -0.35975 -0.35975 -0.35975 -0.35975 -0.35975 -0.35975 -0.35975 81.21461 92.40807 82.59336 67.70448 41.52977 102.33237 146.09251 220.24043 249.87733 191.02557 80.11016 18.31824 46.94655 119.25573 135.14508 121.27679 118.05218 109.79465 126.03829 129.14188 110.09779 89.95425 -0.35975
182.98132 156.95483 -0.35975 -0.35975 -0.35975 -0.35975 -0.35975 -0.35975 75.37840 118.51348 120.07764 96.05977 -0.35975 7.66053 74.10664 165.10445 171.29431 93.85396 24.68306 -0.35975 13.97513 58.39817 53.87020 49.91630 66.10642 85.44648 87.40948 100.09004 124.35910 150.91080 190.00188 53.85426
36.20321 6.65961 -0.35975 -0.35975 -0.35975 -0.35975 -0.35975 -0.35975 52.03311 67.49772 94.35211 48.95296 61.04752 123.32288 139.82611 119.48334 21.82965 22.26458 49.54385 78.41410 86.22510 87.32225 113.50612 130.58463 135.47420 163.67226 204.41135 207.91258 212.26663 212.22928 195.38516 78.80207
24.11753 -0.35975 5.67594 -0.35975 -0.35975 -0.35975 -0.35975 -0.35975 -0.35975 -0.35975 -0.35975 10.29453 146.61665 55.59161 131.48732 56.30662 48.89022 109.31658 135.73706 144.38255 121.35510 126.04623 137.11877 143.22974 150.45682 154.97054 206.11572 219.67664 231.02478 236.23000 215.96164 137.98959
55.49435 54.35749 18.73306 26.67692 43.50443 58.98650 64.70573 59.81326 40.04676 63.43501 -0.35975 52.45930 -0.35975 73.04800 86.11463 86.26745 146.27696 106.63092 113.12519 111.24983 96.57063 97.31542 93.17291 103.99075 156.19852 231.10783 227.48929 257.02902 191.20488 175.89232 195.27968 94.19172
28.44739 2.81253 19.14383 25.70207 26.15371 39.36521 20.98940 36.59360 114.19274 123.82983 181.32899 99.39391 156.99763 129.01326 79.61387 116.10541 110.92889 129.93147 128.33694 123.15484 113.34403 90.45663 100.56396 150.27744 175.76480 205.34497 180.62334 153.29115 121.64295 136.10449 158.04953 67.98469
17.52373 36.80036 92.89376 186.26666 271.86417 329.93848 317.86603 351.53033 410.68344 449.17657 318.34586 234.08223 164.11992 137.12860 149.44081 140.63387 124.10496 100.33128 119.43058 137.58206 168.77026 194.28819 224.13123 249.22169 234.93909 178.50409 184.58060 150.20183 160.10381 164.29173 141.22112 74.40762
77.71655 162.56398 196.12656 176.30742 177.93758 112.29971 150.30310 74.31659 15.72570 -0.35975 4.37014 57.85211 104.01360 135.18533 157.23218 172.94885 174.03415 148.54506 149.82646 174.16054 226.41113 232.74799 244.78239 197.02567 199.62610 188.49945 193.59047 159.67290 163.12187 148.23795 154.78223 96.32393
201.96431 235.03212 168.50905 45.35007 -0.35975 -0.35975 -0.35975 -0.35975 -0.35975 47.00078 119.82905 169.07129 165.53981 130.51021 106.39877 94.76069 114.10128 159.99899 198.82309 252.95137 246.01146 212.62315 142.22452 128.86224 113.80061 146.68237 116.39922 130.93196 129.58925 124.74298 160.85146 88.10344
-0.35975 -0.35975 -0.35975 -0.35975 -0.35975 -0.35975 -0.35975 -0.35975 -0.35975 -0.35975 -0.35975 -0.35975 -0.35975 -0.35975 -0.35975 -0.35975 -0.35975 -0.35975 -0.35975 -0.35975 -0.35975 -0.35975 -0.35975 -0.35975 -0.35975 -0.35975 -0.35975 -0.35975 -0.35975 -0.35975 -0.35975 -0.35975
