2.88223 4.04173 -0.00000 -0.00000 -0.00000 -0.00000 -0.00000 -0.00000 -0.00000 -0.00000 -0.00000 -0.00000 -0.00000 -0.00000 -0.00000 -0.00000 -0.00000 -0.00000 -0.00000 -0.00000 -0.00000 -0.00000 -0.00000 -0.00000 -0.00000 -0.00000 -0.00000 -0.00000 -0.00000 -0.00000 -0.00000 -0.00000
3.44201 1.68433 -0.00000 -0.00000 -0.00000 -0.00000 -0.00000 -0.00000 -0.00000 -0.00000 2.38994 7.39285 10.64781 13.27358 13.60529 9.72845 7.85512 3.78143 3.44396 6.81308 5.70607 3.28055 6.34884 7.39265 4.93006 8.28439 8.75018 7.26529 4.72529 3.19239 2.88679 0.85313
-0.00000 -0.00000 -0.00000 -0.00000 0.80501 4.50081 8.18715 7.48523 6.81909 6.25487 8.72658 7.58316 9.06641 7.66989 8.67124 9.13139 17.13300 16.72497 21.23647 16.74320 11.78022 12.13770 18.43762 18.60227 19.40665 22.57506 21.38484 18.83228 18.49981 16.74740 10.99617 4.62527
9.47660 11.09005 10.45532 8.99927 5.41872 3.45302 1.54486 1.98223 1.56239 0.38166 -0.00000 -0.00000 -0.00000 -0.00000 -0.00000 -0.00000 -0.00000 -0.00000 1.98749 0.22076 -0.00000 -0.00000 -0.00000 -0.00000 -0.00000 -0.00000 -0.00000 -0.00000 -0.00000 -0.00000 0.54518 4.09490
1.00623 -0.00000 1.47585 -0.00000 0.27445 1.51822 -0.00000 -0.00000 -0.00000 -0.00000 -0.00000 -0.00000 0.61054 6.14253 5.85195 0.57210 -0.00000 -0.00000 -0.00000 -0.00000 -0.00000 -0.00000 2.58642 5.40869 2.27344 -0.00000 0.59404 2.68257 5.19658 -0.00000 1.23381 0.67368
-0.00000 -0.00000 -0.00000 -0.00000 -0.00000 -0.00000 -0.00000 0.15488 1.40120 7.78336 10.00711 10.75441 10.64009 7.68021 9.56136 15.05273 13.44101 11.96641 15.10832 10.83426 10.66031 1.39901 1.85090 4.57166 9.04831 8.34077 1.23176 3.50551 0.72040 4.85908 2.33638 1.33658
10.02104 14.91818 18.40998 21.59859 26.01022 29.43037 30.56883 24.92113 18.90701 9.76107 5.75677 6.31798 3.73482 -0.00000 -0.00000 -0.00000 -0.00000 -0.00000 -0.00000 -0.00000 -0.00000 -0.00000 -0.00000 -0.00000 -0.00000 -0.00000 -0.00000 -0.00000 -0.00000 -0.00000 2.20824 5.15364
16.66529 28.28028 24.66948 14.57148 6.15891 -0.00000 -0.00000 -0.00000 -0.00000 -0.00000 -0.00000 -0.00000 -0.00000 2.04451 2.72064 -0.00000 -0.00000 0.52715 4.72253 7.38296 5.20840 6.86460 3.92450 -0.00000 -0.00000 2.11351 7.36967 12.15577 10.69212 13.52949 15.46147 11.93824
-0.00000 -0.00000 -0.00000 -0.00000 -0.00000 -0.00000 -0.00000 -0.00000 -0.00000 2.43007 5.77243 4.24515 5.51407 11.78248 14.67695 9.51507 7.93012 3.33707 1.18402 4.92205 9.29080 12.28750 14.04361 18.14931 24.89239 23.19581 23.86360 14.97038 8.74541 0.61369 0.92545 -0.00000
7.35618 3.97253 6.59086 8.10474 7.48358 8.22907 12.11959 12.14154 11.48780 17.79112 9.72980 -0.00000 -0.00000 -0.00000 -0.00000 4.07242 2.95878 1.48360 -0.00000 -0.00000 2.45557 2.78468 14.28010 12.47990 6.24913 0.75755 -0.00000 -0.00000 -0.00000 -0.00000 -0.00000 -0.00000
7.00166 2.33462 -0.00000 -0.00000 -0.00000 1.11263 1.94249 0.24369 2.87769 6.11079 10.24196 17.18545 19.38024 14.12593 6.70078 7.07944 6.64775 13.95969 21.85563 24.34217 12.44235 -0.00000 -0.00000 -0.00000 -0.00000 -0.00000 -0.00000 2.00755 2.87760 4.28021 4.86670 2.06356
3.44248 0.16314 3.28702 6.68377 8.75704 7.96715 5.22473 2.28579 0.69090 -0.00000 -0.00000 4.16070 7.85342 9.16131 13.66924 12.23449 13.99096 4.13422 3.30998 1.60893 -0.00000 -0.00000 -0.00000 -0.00000 -0.00000 0.20366 1.44271 -0.00000 -0.00000 -0.00000 1.37870 -0.00000
8.82385 8.93827 7.27099 4.27732 1.93042 0.75872 1.54004 2.83851 3.33530 2.60032 1.88772 -0.00000 -0.00000 -0.00000 -0.00000 -0.00000 -0.00000 -0.00000 -0.00000 -0.00000 -0.00000 0.28247 2.82496 4.34905 2.87573 0.37798 -0.00000 -0.00000 -0.00000 -0.00000 -0.00000 -0.00000
2.26684 2.94426 1.08647 -0.00000 -0.00000 -0.00000 -0.00000 -0.00000 -0.00000 -0.00000 -0.00000 -0.00000 -0.00000 -0.00000 -0.00000 -0.00000 -0.00000 -0.00000 -0.00000 1.65893 2.79159 2.72424 1.31128 -0.00000 -0.00000 -0.00000 2.02205 4.26811 -0.00000 0.27287 -0.00000 -0.00000
-0.00000 0.08887 1.08973 1.72482 2.03555 1.94215 1.70506 -0.00000 -0.00000 -0.00000 -0.00000 -0.00000 -0.00000 -0.00000 -0.00000 -0.00000 -0.00000 -0.00000 2.92904 1.14813 0.36334 -0.00000 -0.00000 -0.00000 -0.00000 -0.00000 1.89623 0.19674 3.51461 1.82309 -0.00000 0.56538
-0.00000 -0.00000 -0.00000 0.11100 -0.00000 -0.00000 -0.00000 -0.00000 -0.00000 1.04312 1.19773 -0.00000 -0.00000 -0.00000 3.53373 4.89065 4.06361 2.28336 -0.00000 -0.00000 -0.00000 -0.00000 -0.00000 -0.00000 -0.00000 -0.00000 -0.00000 -0.00000 3.44844 4.22135 5.54704 1.11101
0.35320 -0.00000 -0.00000 -0.00000 -0.00000 -0.00000 -0.00000 -0.00000 -0.00000 -0.00000 2.18160 6.39342 8.82187 7.82692 5.95017 1.26876 -0.00000 -0.00000 -0.00000 -0.00000 -0.00000 -0.00000 -0.00000 -0.00000 -0.00000 -0.00000 -0.00000 2.71243 3.05710 4.60471 4.35910 -0.00000
-0.00000 -0.00000 -0.00000 -0.00000 -0.00000 -0.00000 -0.00000 -0.00000 0.18052 -0.00000 -0.00000 -0.00000 -0.00000 -0.00000 -0.00000 0.15641 -0.00000 -0.00000 -0.00000 -0.00000 -0.00000 -0.00000 -0.00000 -0.00000 -0.00000 1.12655 4.10486 0.99695 -0.00000 1.43845 0.17297 -0.00000
3.25215 3.91947 0.94249 -0.00000 -0.00000 -0.00000 2.13121 4.00528 -0.00000 -0.00000 -0.00000 -0.00000 -0.00000 -0.00000 -0.00000 -0.00000 -0.00000 -0.00000 -0.00000 -0.00000 -0.00000 -0.00000 -0.00000 7.98824 13.46132 16.31127 12.68900 9.04003 4.78060 2.20122 0.47349 -0.00000
1.75408 1.83543 3.33090 3.26874 3.79197 4.11016 2.88258 -0.00000 -0.00000 2.04837 9.20442 19.13763 10.29125 -0.00000 -0.00000 -0.00000 -0.00000 -0.00000 -0.00000 -0.00000 -0.00000 5.78258 10.07887 7.82333 2.68267 -0.00000 -0.00000 1.84824 3.77509 3.25339 1.91106 -0.00000
1.81445 -0.00000 -0.00000 -0.00000 -0.00000 -0.00000 -0.00000 0.08652 0.87096 -0.00000 2.57879 0.32751 2.70521 -0.00000 -0.00000 -0.00000 -0.00000 -0.00000 -0.00000 5.17688 9.28014 8.68307 3.96526 -0.00000 -0.00000 0.49440 3.07493 4.40101 5.36605 7.65621 9.77464 3.58421
4.31886 -0.00000 -0.00000 -0.00000 -0.00000 -0.00000 -0.00000 0.53136 -0.00000 1.38813 1.84400 2.14966 4.10280 4.01366 0.64943 -0.00000 -0.00000 5.09852 9.26043 10.23540 7.07881 2.73809 1.59289 2.71957 5.18021 6.22308 6.62451 4.48838 3.73316 2.60059 2.50180 -0.00000
1.25915 -0.00000 -0.00000 -0.00000 -0.00000 -0.00000 -0.00000 -0.00000 -0.00000 3.11994 3.54805 3.17267 2.60322 1.60213 3.92762 5.60130 8.43720 9.57071 7.31983 3.07770 0.71437 1.80930 4.57488 5.18259 4.65218 4.52885 4.21303 4.83429 4.95299 4.22462 3.45420 -0.00000
7.01217 6.01674 -0.00000 -0.00000 -0.00000 -0.00000 -0.00000 -0.00000 2.89672 4.54649 4.60632 3.68772 -0.00000 0.30675 2.84808 6.32844 6.56518 3.60335 0.95780 -0.00000 0.54826 2.24729 2.07411 1.92289 2.54210 3.28179 3.35687 3.84186 4.77007 5.78558 7.28068 2.07350
1.39841 0.26847 -0.00000 -0.00000 -0.00000 -0.00000 -0.00000 -0.00000 2.00385 2.59532 3.62240 1.88604 2.34862 4.73044 5.36163 4.58359 0.84867 0.86530 1.90864 3.01283 3.31157 3.35354 4.35498 5.00817 5.19518 6.27366 7.83179 7.96570 8.13223 8.13080 7.48657 3.02767
0.93617 -0.00000 0.23084 -0.00000 -0.00000 -0.00000 -0.00000 -0.00000 -0.00000 -0.00000 -0.00000 0.40749 5.62134 2.13995 5.04270 2.16729 1.88364 4.19474 5.20524 5.53590 4.65518 4.83459 5.25808 5.49181 5.76822 5.94085 7.89698 8.41564 8.84966 9.04875 8.27355 5.29139
2.13623 2.09275 0.73023 1.03406 1.67765 2.26979 2.48853 2.30141 1.54541 2.43993 -0.00000 2.02015 -0.00000 2.80759 3.30735 3.31319 5.60835 4.09203 4.34041 4.26868 3.70725 3.73574 3.57730 3.99105 5.98782 8.85284 8.71444 9.84424 7.32669 6.74104 7.48254 3.61627
1.10177 0.12133 0.74594 0.99678 1.01405 1.51934 0.81653 1.41334 4.38124 4.74983 6.94897 3.81524 6.01838 4.94807 3.05872 4.45439 4.25641 4.98319 4.92221 4.72401 4.34878 3.47341 3.85999 5.76135 6.73616 7.86750 6.92198 5.87662 4.66618 5.21929 6.05861 2.61394
0.68398 1.42125 3.56663 7.13782 10.41163 12.63277 12.17104 13.45859 15.72099 17.19322 12.18939 8.96660 6.29078 5.25846 5.72936 5.39252 4.76035 3.85109 4.58157 5.27580 6.46864 7.44462 8.58601 9.54563 8.99937 6.84093 7.07333 5.75846 6.13718 6.29735 5.41498 2.85960
2.98615 6.23127 7.51493 6.75691 6.81926 4.30884 5.76234 2.85611 0.61521 -0.00000 0.18090 2.22640 3.99192 5.18413 6.02735 6.62846 6.66997 5.69510 5.74411 6.67480 8.67321 8.91557 9.37584 7.54931 7.64877 7.22322 7.41793 6.12070 6.25261 5.68335 5.93365 3.69782
7.73820 9.00293 6.45865 1.74824 -0.00000 -0.00000 -0.00000 -0.00000 -0.00000 1.81138 4.59681 6.48016 6.34509 5.00533 4.08315 3.63803 4.37774 6.13317 7.61806 9.68828 9.42285 8.14586 5.45336 4.94230 4.36624 5.62386 4.46563 5.02146 4.97010 4.78475 6.16578 3.38341
-0.00000 -0.00000 -0.00000 -0.00000 -0.00000 -0.00000 -0.00000 -0.00000 -0.00000 -0.00000 -0.00000 -0.00000 -0.00000 -0.00000 -0.00000 -0.00000 -0.00000 -0.00000 -0.00000 -0.00000 -0.00000 -0.00000 -0.00000 -0.00000 -0.00000 -0.00000 -0.00000 -0.00000 -0.00000 -0.00000 -0.00000 -0.00000
