105.31581 -0.35975 -0.35975 -0.35975 -0.35975 192.93471 346.69308 355.36612 205.02136 177.77603 148.83197 192.92950 216.24507 228.42363 123.18830 75.11864
289.60220 273.00656 141.31894 213.70268 177.93300 227.80664 236.69176 238.39085 447.60208 554.89197 316.99417 486.01779 589.89081 558.77124 483.33875 287.14771
25.94916 38.22793 39.33590 3.68985 203.14493 280.82657 277.83749 393.21106 351.07080 394.66449 278.36627 141.05650 236.21867 91.29569 135.51077 60.72757
739.06055 644.65186 769.13080 798.89709 493.98544 164.83099 97.29138 70.77453 13.42315 192.67618 179.12294 102.25066 54.90030 317.46671 353.38428 403.89789
191.97607 211.54785 214.79860 317.09454 464.80948 254.03700 307.70667 383.38571 206.98213 128.33273 320.91092 474.17453 650.48016 623.58124 228.29890 23.83706
182.70671 174.39490 228.60310 136.24681 159.41368 448.97342 506.35880 357.03815 365.44974 636.09412 324.95966 -0.35975 4.96514 52.13005 111.55112 126.88571
233.34161 189.74858 50.11318 73.85638 86.84552 48.99691 -0.35975 -0.35975 -0.35975 43.01495 72.62951 113.35111 74.82936 111.23477 6.77474 -0.35975
1.96390 44.73750 52.86192 44.22102 26.91386 30.95634 -0.35975 127.51186 105.88783 76.22325 9.14031 -0.35975 -0.35975 49.21938 110.01213 144.67403
8.87508 -0.35975 -0.35975 -0.35975 4.36022 166.80344 230.29805 155.21414 -0.35975 -0.35975 -0.35975 -0.35975 29.09508 106.96657 120.03554 113.61391
102.11928 86.73051 107.10503 104.36294 53.19724 500.01532 268.71683 -0.35975 -0.35975 -0.35975 150.83235 263.16373 426.11697 331.40866 124.63451 49.60696
112.56184 -0.35975 -0.35975 13.53328 35.93445 67.06553 106.91264 16.62030 132.94675 267.25644 242.27995 103.31658 162.34982 172.84572 199.82066 255.20921
182.98132 -0.35975 -0.35975 -0.35975 118.51348 120.07764 67.70448 165.10445 249.87733 191.02557 58.39817 135.14508 121.27679 126.03829 150.91080 190.00188
36.20321 5.67594 -0.35975 -0.35975 67.49772 94.35211 146.61665 139.82611 109.31658 144.38255 126.04623 143.22974 163.67226 219.67664 236.23000 215.96164
55.49435 26.67692 58.98650 64.70573 123.82983 181.32899 156.99763 116.10541 146.27696 128.33694 113.34403 150.27744 231.10783 257.02902 191.20488 195.27968
162.56398 196.12656 329.93848 351.53033 449.17657 318.34586 164.11992 172.94885 174.03415 174.16054 232.74799 249.22169 234.93909 193.59047 164.29173 154.78223
235.03212 168.50905 -0.35975 -0.35975 47.00078 169.07129 165.53981 106.39877 159.99899 252.95137 246.01146 142.22452 146.68237 130.93196 129.58925 160.85146
