0.000000
0.000000
0.000000
0.000000
0.000000
0.000000
0.000000
0.000000
0.000000
0.000000
2.374671
0.000000
0.000000
0.000000
0.000000
0.000000
0.000000
0.000000
0.000000
0.000000
0.000000
0.000000
0.000000
0.000000
0.000000
1.836099
0.000000
0.000000
0.000000
0.000000
0.000000
0.000000
0.000000
1.062003
0.000000
6.025422
0.000000
0.000000
13.320659
0.000000
0.000000
0.000000
0.000000
0.000000
0.000000
1.533072
0.000000
0.000000
1.435937
0.000000
0.000000
0.000000
0.000000
0.000000
0.000000
0.000000
0.000000
0.000000
0.000000
0.000000
0.000000
0.000000
0.000000
0.000000
0.000000
0.000000
0.000000
0.000000
0.000000
0.000000
0.000000
5.055899
0.000000
0.000000
0.000000
0.694387
2.664034
0.000000
0.000000
0.000000
0.000000
0.000000
0.000000
0.000000
0.000000
0.000000
0.000000
0.000000
5.335847
0.000000
0.000000
0.000000
6.119692
0.000000
0.000000
0.000000
0.000000
0.000000
0.000000
0.000000
0.000000
0.000000
0.000000
0.000000
0.000000
0.000000
11.988662
0.000000
0.000000
1.770448
0.000000
0.000000
0.000000
0.000000
0.000000
0.000000
0.000000
0.000000
0.000000
0.000000
2.946720
0.000000
0.000000
0.000000
11.503944
0.000000
0.000000
0.000000
0.000000
0.000000
0.000000
0.000000
0.000000
0.000000
0.000000
0.000000
0.000000
0.000000
0.000000
0.188653
0.000000
0.000000
0.000000
0.109657
0.000000
4.606332
1.104316
1.230662
0.000000
0.000000
0.000000
0.000000
1.033386
9.082019
0.000000
0.000000
0.000000
0.000000
0.000000
0.000000
0.000000
4.950850
0.000000
0.000000
0.000000
0.000000
2.816784
0.000000
0.000000
1.062509
0.000000
0.000000
0.000000
3.108009
0.000000
0.000000
3.477334
0.000000
7.891596
0.000000
0.000000
0.000000
0.000000
0.000000
0.000000
0.000000
0.000000
0.000000
0.000000
0.000000
0.000000
0.000000
3.122586
0.000000
0.000000
1.405460
0.000000
0.518881
0.000000
5.227385
0.573064
0.000000
0.000000
0.000000
0.000000
0.000000
0.000000
0.000000
0.000000
0.000000
0.000000
0.000000
0.000000
0.000000
0.000000
0.000000
0.000000
0.000000
0.000000
1.590694
3.046325
0.000000
0.000000
0.000000
0.000000
0.000000
0.000000
0.000000
0.000000
0.000000
0.000000
0.000000
0.000000
0.000000
2.742061
0.000000
5.621317
0.000000
0.000000
0.000000
0.000000
0.000000
0.000000
1.799754
0.000000
0.000000
0.000000
0.000000
0.000000
0.000000
0.000000
0.000000
0.459522
0.000000
0.000000
0.000000
5.172891
0.000000
0.910079
0.000000
0.000000
0.000000
0.000000
0.000000
0.000000
0.000000
0.504206
1.491033
0.000000
0.000000
0.000000
2.335682
0.000000
0.000000
1.473369
0.000000
0.000000
0.000000
0.000000
0.000000
1.884804
8.557517
0.000000
0.000000
0.000000
0.000000
0.000000
0.000000
0.000000
0.000000
0.000000
0.000000
0.000000
0.000000
5.961513
0.000000
0.000000
0.000000
0.000000
0.000000
0.000000
5.165545
0.000000
0.000000
0.062359
0.000000
4.376024
0.000000
0.000000
0.000000
0.000000
0.000000
0.000000
0.000000
0.000000
0.000000
0.000000
0.000000
0.000000
0.000000
5.679439
0.000000
0.000000
1.733695
0.000000
0.000000
0.000000
2.174080
2.077343
0.000000
0.000000
0.000000
0.000000
0.000000
0.000000
0.000000
0.000000
0.000000
0.000000
0.000000
0.000000
0.000000
0.000000
0.000000
2.270840
0.000000
0.000000
2.156519
2.587106
0.000000
0.000000
0.000000
0.000000
0.000000
0.000000
2.349364
0.000000
0.000000
0.000000
0.000000
0.000000
0.000000
2.447442
0.000000
5.607617
0.000000
0.000000
0.000000
0.000000
0.000000
0.000000
0.000000
0.000000
0.000000
0.000000
0.000000
0.000000
0.000000
0.000000
0.000000
7.435699
0.000000
0.000000
0.000000
0.000000
0.000000
0.000000
0.000000
2.568341
0.000000
0.000000
0.000000
0.000000
0.000000
1.888029
2.913390
0.000000
0.000000
0.000000
1.037225
0.000000
3.617817
4.395978
0.000000
0.000000
0.000000
0.000000
0.000000
1.318135
6.230956
2.618134
0.000000
0.000000
0.000000
0.000000
0.000000
0.000000
1.753549
0.000000
0.000000
0.000000
0.000000
10.430807
0.000000
0.000000
0.000000
0.000000
0.000000
0.000000
4.752481
0.000000
0.000000
0.000000
0.000000
5.836843
0.000000
0.000000
0.000000
0.435754
0.000000
0.000000
0.000000
0.000000
0.000000
0.000000
0.000000
0.000000
0.000000
3.669012
0.000000
0.000000
1.527506
0.000000
0.000000
0.000000
4.782954
1.237840
0.000000
0.000000
0.086946
0.000000
0.000000
0.000000
0.000000
0.000000
0.000000
0.000000
0.000000
0.000000
0.000000
0.000000
0.000000
0.000000
0.000000
0.000000
0.000000
4.942154
0.000000
0.000000
0.000000
0.000000
0.000000
0.000000
0.000000
0.000000
0.000000
0.000000
0.000000
0.000000
0.000000
0.000000
0.000000
0.285117
0.000000
0.000000
0.000000
0.000000
0.000000
0.000000
0.000000
0.000000
0.000000
0.000000
0.000000
0.000000
0.000000
0.000000
0.000000
1.797381
0.000000
0.000000
0.000000
0.685932
0.000000
0.000000
0.000000
0.000000
0.000000
0.000000
0.000000
0.000000
0.000000
1.449352
2.332072
0.000000
0.000000
0.000000
3.380089
0.000000
5.672742
0.000000
0.000000
0.000000
0.000000
0.000000
0.000000
0.000000
2.513134
0.000000
0.000000
0.000000
0.000000
0.000000
0.000000
0.000000
3.650601
0.000000
0.000000
0.000000
0.000000
5.276349
0.000000
0.000000
0.000000
0.000000
0.000000
0.000000
4.797461
0.000000
0.000000
0.000000
0.000000
6.831093
0.000000
0.000000
0.000000
0.000000
0.000000
0.000000
0.000000
0.000000
0.000000
0.000000
0.000000
0.000000
0.000000
1.220701
0.000000
0.000000
1.824825
0.000000
0.000000
0.000000
0.306937
4.302840
0.000000
0.000000
1.823434
0.000000
0.000000
0.000000
0.000000
0.000000
0.000000
0.000000
0.000000
0.000000
0.000000
0.000000
0.000000
0.000000
0.000000
0.000000
0.000000
7.506806
0.000000
0.000000
0.000000
0.000000
0.105707
0.000000
0.641338
0.000000
0.000000
0.000000
0.000000
0.000000
0.000000
3.713225
0.000000
0.290106
0.000000
0.000000
0.000000
0.000000
0.000000
0.000000
0.000000
0.000000
0.000000
0.000000
0.000000
0.000000
0.000000
0.000000
0.000000
3.046708
0.000000
0.000000
0.000000
3.098557
0.000000
0.000000
0.000000
2.610080
0.000000
0.000000
0.000000
0.000000
0.000000
3.402558
0.000000
0.000000
0.000000
0.000000
2.781576
0.000000
0.000000
2.428149
0.000000
0.000000
0.000000
0.000000
0.000000
0.000000
6.872771
0.000000
0.000000
0.000000
0.000000
0.000000
0.000000
0.000000
2.186246
0.000000
0.000000
0.000000
0.000000
8.767005
0.000000
0.000000
0.000000
0.000000
0.000000
0.000000
2.346740
0.000000
0.000000
1.221286
0.000000
6.170767
0.000000
0.000000
0.000000
0.000000
0.000000
0.000000
0.000000
0.000000
0.000000
0.000000
0.000000
0.000000
0.000000
0.000000
0.000000
0.000000
0.000000
0.000000
0.000000
0.000000
0.000000
0.000000
0.669653
0.000000
0.770810
0.000000
0.000000
0.000000
0.000000
0.000000
0.000000
0.000000
0.000000
0.000000
0.000000
0.000000
0.000000
0.000000
0.000000
0.000000
0.000000
3.429067
0.000000
0.000000
0.000000
0.000000
0.000000
0.000000
2.493334
0.000000
0.000000
0.000000
0.000000
0.000000
0.000000
5.696982
0.000000
2.614860
0.000000
0.000000
0.000000
0.000000
0.000000
0.000000
2.264540
0.000000
0.000000
0.000000
0.000000
2.933942
0.000000
2.282170
0.000000
4.094679
0.000000
0.000000
0.000000
2.844098
0.000000
0.000000
0.000000
0.000000
0.000000
0.000000
0.000000
0.000000
0.000000
3.928746
0.000000
0.000000
0.000000
0.000000
0.525138
0.000000
0.000000
2.058369
0.000000
0.000000
0.000000
0.000000
0.000000
1.020183
4.206741
0.000000
0.000000
0.000000
0.000000
0.000000
0.000000
0.000000
1.450172
0.000000
0.000000
0.000000
0.000000
7.364369
0.000000
0.000000
0.000000
0.000000
0.000000
0.000000
2.893300
0.000000
0.000000
0.000000
0.000000
7.114189
0.000000
0.000000
0.000000
0.000000
0.000000
0.000000
0.000000
0.000000
0.000000
0.000000
0.000000
0.000000
0.000000
0.000000
0.000000
0.000000
0.000000
0.000000
0.000000
0.000000
2.665201
2.882150
4.472971
0.000000
1.825260
0.000000
0.000000
0.000000
0.000000
0.000000
0.000000
0.000000
0.000000
0.000000
0.000000
0.000000
0.000000
0.000000
0.000000
0.000000
0.000000
3.460082
0.000000
0.000000
0.000000
0.000000
0.000000
0.000000
2.710121
0.000000
0.000000
0.000000
0.000000
0.000000
0.000000
1.638022
0.000000
4.444740
0.000000
0.000000
0.000000
0.000000
0.000000
0.000000
0.000000
0.000000
0.000000
0.000000
0.000000
1.097652
0.000000
0.000000
0.000000
4.107641
0.000000
0.000000
0.000000
3.303899
0.000000
0.000000
0.000000
0.000000
0.000000
0.000000
4.997594
0.000000
0.000000
0.000000
0.728802
0.000000
0.000000
0.000000
0.000000
0.000000
10.325751
0.000000
0.000000
0.000000
0.000000
0.000000
0.000000
0.244574
3.769650
3.677963
0.000000
0.000000
0.000000
0.000000
0.000000
0.000000
1.483227
0.000000
0.000000
0.000000
0.000000
2.424452
0.000000
0.000000
0.000000
0.000000
0.000000
0.000000
5.843666
0.000000
0.000000
0.000000
0.000000
6.137573
0.000000
0.000000
0.000000
2.993059
0.000000
0.000000
0.000000
0.000000
0.000000
0.000000
0.000000
0.000000
0.000000
1.852819
0.000000
0.000000
3.177834
0.042382
0.000000
0.000000
1.306735
2.005563
0.000000
0.212245
1.851673
0.000000
0.000000
0.000000
0.000000
0.000000
0.000000
0.000000
0.000000
0.000000
0.000000
0.000000
0.000000
0.000000
0.000000
0.000000
2.197209
5.215676
0.000000
0.000000
0.000000
0.000000
0.000000
0.000000
0.000000
0.000000
0.000000
0.000000
0.000000
0.000000
0.000000
0.000000
0.000000
0.000000
0.000000
0.000000
0.000000
0.000000
0.000000
0.000000
2.902517
0.000000
0.000000
0.000000
0.000000
0.000000
0.000000
0.000000
1.274981
0.000000
0.000000
0.000000
0.000000
0.000000
0.000000
0.000000
0.000000
0.450320
0.000000
0.000000
0.000000
0.000000
0.000000
0.000000
0.000000
0.000000
0.000000
0.000000
6.680327
0.000000
0.000000
3.755032
0.000000
0.000000
0.000000
0.000000
0.000000
0.000000
1.053205
0.000000
0.000000
0.000000
0.000000
0.000000
0.000000
0.000000
0.000000
0.000000
0.000000
0.000000
0.000000
15.293616
0.000000
0.000000
0.000000
0.000000
5.151827
0.000000
0.328327
0.000000
0.000000
0.000000
0.000000
0.000000
0.000000
0.000000
0.010682
0.000000
0.000000
0.000000
0.000000
0.000000
0.000000
0.000000
0.000000
0.000000
0.000000
0.000000
0.000000
0.000000
3.919472
0.000000
0.000000
0.000000
0.000000
0.000000
0.000000
0.000000
0.000000
2.302989
0.000000
0.000000
0.000000
0.000000
0.000000
0.000000
0.000000
0.000000
0.000000
0.000000
0.000000
0.000000
0.000000
0.000000
0.000000
1.852150
0.000000
0.000000
0.000000
0.000000
0.000000
0.000000
0.951244
0.000000
4.514484
0.000000
0.000000
0.000000
0.000000
8.800214
0.000000
0.000000
0.000000
0.000000
0.000000
0.000000
0.000000
0.000000
0.000000
0.000000
0.000000
0.000000
0.000000
1.506167
0.000000
0.000000
0.000000
0.043326
0.000000
0.000000
0.000000
0.094623
0.000000
0.000000
0.000000
0.000000
0.000000
0.000000
0.000000
0.000000
0.000000
0.000000
0.000000
0.000000
0.000000
0.000000
9.470592
0.000000
0.260911
1.435424
0.000000
0.000000
0.000000
0.000000
0.000000
0.000000
0.000000
0.000000
0.000000
0.000000
0.000000
0.000000
0.000000
0.000000
0.000000
0.000000
0.000000
0.000000
0.000000
8.595886
0.000000
0.000000
0.000000
0.000000
0.000000
0.000000
0.041475
0.739662
0.000000
0.000000
0.000000
0.000000
0.000000
0.000000
0.000000
0.000000
0.000000
0.000000
0.000000
0.000000
0.000000
0.000000
0.000000
0.000000
0.000000
0.000000
0.000000
0.000000
5.350909
0.000000
0.000000
0.000000
0.988703
0.000000
0.929579
0.000000
0.000000
0.000000
0.000000
0.000000
0.000000
0.000000
0.000000
0.000000
0.000000
0.000000
0.000000
0.000000
0.000000
0.000000
0.000000
0.000000
0.000000
0.000000
0.000000
0.000000
0.000000
0.000000
0.000000
0.000000
4.034061
0.000000
0.000000
0.000000
0.000000
0.000000
0.000000
0.000000
0.000000
6.924051
0.000000
0.000000
0.000000
0.000000
0.000000
0.000000
0.000000
0.903608
0.000000
0.000000
0.000000
0.000000
0.000000
0.000000
0.000000
0.000000
0.000000
0.000000
0.000000
8.105208
0.000000
0.000000
0.000000
0.000000
0.000000
0.000000
0.000000
0.000000
0.000000
0.000000
0.000000
0.000000
0.000000
0.000000
6.332408
0.000000
0.000000
2.954058
0.000000
0.000000
0.000000
0.000000
0.000000
0.000000
3.107637
0.000000
0.000000
0.000000
0.000000
0.000000
0.000000
0.000000
0.000000
0.000000
0.000000
0.000000
0.000000
8.910680
0.000000
0.000000
0.000000
0.000000
0.000000
0.000000
4.559317
0.000000
0.000000
0.000000
0.000000
0.000000
0.000000
0.000000
0.000000
0.209937
0.000000
0.000000
0.000000
0.000000
0.000000
0.000000
0.000000
0.000000
0.000000
0.000000
0.000000
0.000000
6.420587
0.000000
0.000000
0.000000
0.000000
0.000000
2.232467
0.000000
0.000000
0.000000
0.000000
0.000000
0.000000
0.000000
0.000000
0.000000
0.000000
0.000000
0.000000
0.000000
0.000000
0.000000
0.000000
0.000000
0.000000
1.906848
0.000000
0.000000
0.000000
0.000000
0.000000
0.000000
9.835318
0.000000
0.000000
0.000000
0.000000
0.000000
0.000000
0.000000
0.000000
0.000000
1.924436
0.000000
0.000000
0.000000
0.000000
0.000000
0.000000
0.000000
0.000000
0.000000
0.000000
0.000000
0.000000
0.000000
0.000000
0.000000
0.000000
0.000000
0.000000
7.625352
0.000000
0.000000
0.000000
0.000000
0.000000
0.000000
0.000000
0.000000
0.000000
0.000000
0.000000
0.000000
0.000000
0.000000
6.140425
0.000000
0.000000
1.340206
0.000000
0.000000
0.000000
0.000000
0.000000
1.690477
1.253675
0.000000
0.000000
0.000000
0.000000
0.000000
0.000000
0.000000
0.000000
0.000000
0.000000
0.000000
0.000000
11.293880
0.000000
0.000000
0.000000
0.000000
0.000000
0.000000
5.032990
0.000000
0.000000
0.000000
0.000000
0.000000
0.000000
0.000000
0.000000
0.000000
0.000000
0.000000
0.000000
0.000000
0.000000
0.000000
0.000000
0.000000
0.000000
0.000000
0.000000
0.000000
7.718461
0.000000
0.000000
0.000000
0.000000
0.000000
3.190013
0.000000
0.000000
0.000000
0.000000
0.000000
0.000000
0.000000
0.000000
0.000000
0.000000
0.000000
0.000000
0.000000
0.000000
0.000000
0.000000
0.000000
0.000000
2.673743
0.000000
0.000000
0.000000
0.000000
0.000000
0.000000
0.001074
0.000000
0.000000
0.000000
0.000000
0.000000
0.000000
0.000000
0.000000
0.000000
3.879574
0.000000
0.000000
0.000000
0.000000
0.000000
0.000000
0.000000
0.000000
0.000000
0.000000
0.000000
0.000000
0.000000
0.000000
0.000000
0.000000
0.000000
0.000000
4.295200
0.000000
0.000000
0.000000
0.000000
0.000000
0.000000
0.000000
0.000000
0.000000
0.000000
0.000000
0.000000
0.000000
0.000000
7.364843
2.105908
0.000000
0.000000
0.000000
0.000000
0.000000
0.000000
0.000000
1.926677
0.000000
0.000000
0.000000
0.000000
0.802095
0.000000
0.000000
0.000000
0.000000
0.000000
0.000000
0.000000
0.000000
6.329362
0.000000
0.000000
0.000000
0.000000
0.000000
0.000000
7.058469
0.000000
0.000000
1.434378
0.000000
0.000000
0.000000
0.000000
0.000000
0.000000
0.000000
0.000000
0.000000
0.000000
0.000000
0.000000
0.000000
0.000000
0.000000
0.000000
0.000000
0.000000
5.344062
0.000000
0.000000
0.000000
0.000000
0.000000
0.000000
0.000000
0.000000
0.000000
0.000000
0.000000
0.000000
0.000000
0.000000
0.000000
0.000000
0.000000
0.000000
0.000000
0.000000
0.000000
0.000000
0.000000
0.000000
2.798739
0.000000
0.000000
0.000000
0.000000
0.000000
0.000000
4.495819
0.000000
0.000000
0.000000
0.000000
0.000000
0.000000
0.000000
0.000000
0.000000
0.000000
0.000000
0.000000
0.000000
0.000000
0.000000
0.000000
0.000000
0.000000
0.000000
0.000000
0.000000
0.000000
0.000000
0.265936
0.000000
0.000000
0.000000
0.000000
2.680112
0.000000
0.000000
0.000000
4.506060
0.000000
0.000000
0.000000
0.000000
0.000000
0.000000
0.000000
0.000000
0.000000
0.000000
7.174408
2.283982
0.000000
0.000000
0.000000
0.000000
0.000000
0.000000
0.000000
0.000000
0.000000
0.000000
0.000000
0.000000
0.000000
0.000000
0.000000
0.000000
0.000000
0.000000
0.000000
0.000000
0.000000
10.377387
0.000000
0.000000
0.000000
0.000000
0.000000
0.000000
0.000000
0.704444
0.000000
0.000000
0.000000
0.000000
0.000000
0.000000
0.000000
0.000000
0.000000
0.000000
0.000000
0.000000
0.000000
0.000000
0.000000
0.000000
0.000000
0.000000
0.000000
0.000000
3.606781
0.000000
0.000000
0.000000
0.000000
0.000000
3.217695
0.000000
0.000000
0.000000
0.000000
0.000000
0.000000
0.000000
0.000000
0.000000
0.000000
0.000000
0.000000
0.000000
0.000000
0.000000
0.000000
0.000000
0.000000
0.000000
0.000000
0.000000
0.000000
0.000000
0.000000
0.000000
5.228198
0.000000
0.000000
0.000000
0.000000
0.000000
0.000000
0.000000
0.000000
2.049885
0.635814
0.000000
0.000000
0.000000
0.000000
0.000000
0.000000
0.000000
0.000000
0.000000
0.000000
0.000000
0.000000
0.000000
0.000000
0.000000
0.000000
0.000000
0.000000
3.228782
0.000000
0.000000
0.000000
0.000000
0.000000
0.000000
0.000000
0.000000
0.000000
0.000000
0.000000
0.000000
0.000000
0.000000
0.547353
0.000000
0.000000
0.633952
0.000000
0.000000
0.000000
0.000000
0.000000
0.000000
0.512994
0.000000
0.000000
0.000000
0.000000
0.000000
0.000000
0.000000
0.000000
0.000000
0.000000
0.000000
0.000000
10.581946
0.000000
0.000000
0.000000
0.000000
0.000000
0.000000
3.429306
0.000000
0.000000
0.000000
0.000000
0.000000
0.000000
0.000000
0.000000
0.000000
0.000000
0.000000
0.000000
0.000000
0.000000
0.000000
0.000000
0.000000
0.000000
0.000000
0.000000
0.000000
0.577748
0.000000
0.000000
0.000000
0.000000
0.000000
1.531039
0.000000
1.455794
0.000000
0.000000
0.000000
0.000000
0.000000
0.000000
0.000000
0.000000
0.000000
0.000000
0.000000
0.000000
0.000000
0.000000
0.000000
0.655740
0.000000
0.000000
0.000000
0.000000
0.000000
0.000000
0.000000
4.967403
0.000000
0.000000
0.000000
0.000000
0.000000
0.000000
0.000000
0.000000
0.000000
0.000000
0.000000
0.000000
0.000000
0.000000
0.000000
0.000000
0.000000
0.000000
0.000000
0.000000
0.000000
0.000000
0.000000
0.000000
0.000000
0.000000
0.000000
0.000000
5.289887
0.000000
0.000000
1.565629
0.000000
0.000000
0.000000
0.000000
0.000000
0.000000
0.000000
0.000000
0.000000
0.000000
0.000000
5.314668
4.987847
9.380084
0.000000
0.000000
0.410815
0.000000
0.000000
0.000000
2.149512
0.000000
0.000000
0.000000
0.000000
0.000000
0.000000
0.000000
0.000000
0.000000
0.000000
0.000000
0.000000
0.000000
0.216843
0.000000
0.000000
1.933693
0.000000
0.000000
0.000000
6.031190
0.000000
0.000000
0.000000
0.000000
0.253675
0.000000
0.000000
0.000000
0.088993
0.000000
0.000000
0.000000
0.000000
0.000000
0.000000
0.000000
0.000000
0.000000
0.000000
0.000000
0.000000
1.384352
1.504227
0.000000
0.777922
2.434360
0.000000
0.000000
2.961056
0.000000
0.000000
0.000000
0.000000
0.000000
0.000000
0.000000
0.000000
0.000000
0.000000
0.000000
0.000000
0.000000
0.000000
0.000000
4.947805
0.468073
5.860377
0.000000
0.000000
0.000000
0.000000
0.000000
0.000000
0.000000
0.000000
0.000000
0.000000
0.000000
0.000000
0.000000
0.000000
1.750076
0.000000
0.000000
0.000000
0.000000
0.000000
0.000000
0.000000
0.000000
0.000000
0.000000
0.000000
0.000000
0.000000
0.000000
0.000000
1.604378
0.000000
0.000000
0.000000
0.000000
0.000000
0.000000
0.000000
0.000000
0.363457
0.000000
0.000000
0.000000
0.000000
0.000000
0.000000
3.311414
0.000000
0.000000
0.000000
0.733548
0.000000
0.000000
0.000000
0.000000
0.000000
0.000000
0.000000
0.000000
0.000000
0.000000
0.000000
0.000000
0.000000
0.000000
0.000000
0.000000
0.000000
0.000000
0.000000
1.017425
0.000000
0.000000
12.178856
0.000000
0.000000
0.000000
0.000000
1.612596
0.000000
0.000000
0.000000
0.000000
0.000000
0.000000
0.000000
0.000000
0.000000
1.942369
0.000000
0.000000
0.000000
0.000000
0.000000
0.000000
0.000000
0.000000
0.000000
0.000000
0.000000
0.000000
0.000000
0.000000
0.000000
0.000000
0.000000
0.000000
0.000000
0.000000
0.000000
0.000000
7.722223
0.000000
0.000000
3.934684
0.000000
0.000000
0.000000
0.000000
0.000000
0.000000
0.000000
0.000000
0.000000
0.000000
0.000000
0.000000
3.306429
0.000000
0.000000
0.000000
0.000000
0.000000
0.000000
0.773830
0.000000
2.365166
0.000000
0.000000
0.000000
0.000000
8.110551
0.000000
0.000000
0.000000
0.000000
0.000000
0.000000
0.000000
0.000000
0.000000
0.000000
0.000000
0.000000
0.000000
0.000000
0.000000
0.000000
0.000000
0.000000
2.632666
0.000000
0.000000
0.000000
0.000000
0.000000
0.000000
0.000000
0.000000
0.000000
0.000000
0.000000
0.000000
0.000000
0.000000
0.000000
0.000000
0.000000
11.369331
1.779439
0.000000
0.000000
0.000000
0.772474
5.825601
0.000000
0.000000
0.000000
0.511341
0.000000
0.000000
0.000000
0.000000
0.000000
0.000000
0.000000
0.000000
0.000000
0.000000
0.000000
0.000000
12.394132
0.000000
0.000000
0.000000
0.000000
0.000000
0.000000
1.910073
0.000000
0.000000
1.206698
0.000000
0.000000
0.000000
0.000000
0.000000
0.000000
0.000000
0.000000
0.000000
0.000000
0.000000
0.000000
0.000000
0.000000
0.000000
0.000000
0.000000
0.000000
0.823875
0.000000
0.000000
0.000000
0.000000
0.000000
0.000000
0.000000
1.368269
0.000000
0.000000
0.000000
0.000000
0.000000
0.000000
0.000000
0.000000
0.000000
0.000000
0.000000
0.000000
0.000000
0.000000
0.000000
0.000000
6.252187
0.000000
0.000000
0.000000
0.000000
0.000000
0.000000
5.133235
0.000000
0.000000
0.000000
0.000000
0.000000
0.000000
1.648998
0.000000
4.918686
0.000000
0.000000
0.000000
0.000000
0.000000
0.000000
0.000000
0.000000
0.000000
0.000000
0.000000
0.000000
0.000000
0.000000
2.053797
0.000000
0.000000
0.000000
0.000000
0.000000
0.000000
0.000000
0.000000
0.000000
0.000000
0.000000
0.000000
0.000000
0.000000
0.000000
0.000000
0.000000
0.000000
0.000000
3.785950
0.000000
0.000000
0.503128
0.000000
0.000000
0.000000
0.000000
0.000000
0.000000
6.911598
0.000000
0.000000
0.000000
0.000000
0.000000
0.000000
0.000000
0.000000
0.000000
0.000000
0.000000
0.000000
12.544632
0.000000
0.000000
0.000000
0.000000
0.000000
0.000000
5.576748
0.000000
0.000000
2.141657
0.000000
0.000000
0.000000
0.000000
0.000000
0.000000
0.000000
0.000000
0.000000
0.000000
0.000000
0.000000
0.000000
0.000000
0.000000
0.000000
0.000000
0.000000
0.000000
0.000000
0.000000
0.000000
9.018429
0.000000
0.000000
0.000000
6.851679
0.000000
0.000000
0.000000
0.000000
0.000000
0.000000
0.000000
0.000000
0.000000
0.000000
0.000000
0.000000
0.000000
0.000000
0.000000
0.000000
5.183133
0.000000
0.000000
0.000000
0.000000
0.000000
0.000000
5.469388
0.000000
0.000000
0.000000
0.000000
0.000000
0.000000
11.640830
0.000000
1.228040
0.000000
0.000000
0.000000
0.000000
0.000000
0.000000
0.000000
0.000000
0.000000
0.000000
0.000000
0.000000
0.000000
0.000000
0.000000
0.000000
0.000000
0.000000
0.000000
1.857625
0.000000
0.000000
0.000000
0.000000
0.000000
0.000000
0.000000
0.000000
0.000000
0.000000
0.000000
0.000000
0.000000
0.000000
7.078387
0.000000
0.000000
1.172858
0.000000
0.000000
0.000000
0.000000
0.000000
0.000000
0.158211
0.000000
0.000000
0.000000
0.000000
0.000000
0.000000
0.000000
0.000000
0.000000
0.000000
0.000000
0.000000
15.029279
0.000000
0.000000
0.000000
0.000000
0.000000
0.000000
3.874385
0.000000
0.000000
0.435703
0.000000
0.000000
0.000000
0.000000
0.000000
0.000000
0.000000
0.000000
0.000000
0.000000
0.000000
0.000000
0.000000
0.000000
0.000000
0.000000
0.000000
0.000000
2.275242
0.000000
0.000000
0.000000
11.208467
0.000000
3.967446
0.000000
4.711075
0.000000
0.000000
0.000000
0.000000
0.000000
0.000000
0.000000
0.000000
0.000000
0.000000
0.000000
0.000000
1.014832
0.000000
0.000000
1.742505
11.022519
0.000000
0.000000
0.000000
0.000000
0.000000
0.000000
1.207728
0.000000
0.000000
0.000000
0.000000
0.000000
0.000000
5.077970
0.000000
0.000000
0.000000
0.000000
0.000000
0.000000
0.000000
0.000000
0.000000
0.000000
0.000000
0.000000
0.000000
0.000000
0.000000
0.000000
0.000000
0.000000
0.000000
0.000000
0.000000
1.142434
0.000000
0.000000
0.000000
0.000000
0.000000
0.000000
0.000000
0.000000
0.000000
0.000000
0.000000
0.000000
0.000000
0.010614
8.001919
0.000000
0.000000
0.990948
0.000000
0.000000
0.000000
0.000000
0.000000
0.000000
1.270344
0.000000
0.000000
0.000000
0.000000
0.000000
0.000000
0.000000
0.000000
0.000000
0.000000
0.000000
0.000000
8.835963
0.000000
0.000000
0.000000
0.000000
0.000000
0.000000
5.403029
0.000000
0.000000
1.089571
0.000000
0.000000
0.000000
0.000000
0.000000
0.000000
0.000000
0.000000
0.000000
0.000000
0.000000
0.000000
0.000000
0.000000
0.000000
0.000000
0.000000
0.000000
2.974017
0.000000
0.000000
0.000000
5.888215
0.000000
3.509144
0.000000
4.557342
0.000000
0.000000
0.000000
0.000000
0.000000
0.000000
0.000000
0.000000
0.000000
0.000000
0.000000
0.000000
0.524071
0.000000
0.000000
0.000000
5.369418
0.000000
0.000000
0.000000
0.000000
0.000000
0.000000
3.947178
0.000000
0.000000
0.000000
0.000000
0.000000
0.000000
0.000000
0.000000
0.000000
0.000000
0.000000
0.000000
0.000000
0.000000
0.000000
0.000000
0.000000
0.000000
0.000000
0.000000
0.000000
0.000000
0.000000
0.000000
0.000000
0.000000
0.000000
0.813763
1.589277
0.000000
0.000000
0.000000
0.000000
0.000000
0.000000
0.000000
0.000000
0.000000
0.000000
0.000000
0.000000
0.000000
0.000000
6.695957
0.000000
0.000000
1.450930
0.000000
0.000000
0.000000
0.000000
0.000000
0.000000
4.906359
0.000000
0.000000
0.000000
0.000000
0.000000
0.000000
0.000000
0.000000
0.000000
0.000000
0.000000
0.000000
11.066348
0.000000
0.000000
0.000000
0.000000
0.000000
0.000000
2.049868
0.000000
0.000000
0.000000
0.000000
0.000000
0.000000
0.000000
0.000000
0.000000
0.000000
0.000000
0.000000
0.000000
0.000000
0.000000
0.000000
0.000000
0.000000
0.000000
0.000000
0.000000
1.160714
0.000000
0.000000
0.000000
0.506796
0.000000
1.863792
0.000000
4.055911
2.351056
0.000000
0.000000
0.000000
0.000000
0.000000
0.000000
0.000000
0.000000
0.000000
0.000000
0.000000
0.044344
0.000000
0.000000
0.000000
0.000000
0.000000
0.000000
0.000000
0.000000
0.000000
0.000000
4.795382
0.000000
0.000000
0.000000
0.000000
0.000000
0.000000
0.000000
0.000000
0.000000
0.000000
0.000000
0.000000
0.000000
0.000000
0.000000
0.000000
0.000000
0.000000
0.000000
0.000000
0.000000
0.000000
0.000000
0.000000
0.000000
0.000000
0.000000
0.955600
0.302197
0.000000
0.000000
0.000000
0.000000
0.000000
0.000000
0.000000
0.000000
0.000000
0.000000
0.000000
0.000000
0.000000
0.000000
1.236326
0.000000
0.000000
0.359630
0.000000
0.000000
0.000000
0.000000
0.000000
0.000000
0.729690
0.000000
0.000000
0.000000
0.000000
0.000000
0.000000
0.000000
0.000000
0.000000
0.000000
0.000000
0.000000
7.739241
0.000000
0.000000
0.000000
0.000000
0.000000
0.000000
5.177094
0.000000
0.000000
0.000000
0.000000
0.000000
0.000000
0.000000
0.000000
0.000000
0.000000
0.000000
0.000000
0.000000
0.000000
0.000000
0.000000
0.000000
0.000000
0.000000
0.000000
0.000000
3.568434
0.000000
0.000000
0.000000
3.605630
0.000000
1.941853
0.000000
6.789945
0.000000
0.000000
0.000000
0.000000
0.000000
0.000000
0.000000
0.000000
0.000000
0.000000
0.000000
0.000000
0.000000
0.000000
0.000000
0.000000
0.000000
0.000000
0.000000
0.000000
0.000000
0.000000
0.000000
2.780388
0.000000
0.000000
0.000000
0.000000
0.000000
0.000000
0.000000
0.000000
0.000000
0.000000
0.000000
0.000000
0.000000
0.000000
0.000000
0.000000
0.000000
0.000000
0.000000
0.000000
0.000000
0.000000
0.000000
0.000000
0.000000
0.000000
0.000000
0.000000
5.137002
0.000000
0.000000
0.000000
0.000000
0.000000
0.000000
0.000000
0.000000
0.000000
0.000000
0.496517
0.000000
0.000000
0.000000
4.287823
3.994794
9.959541
0.000000
0.000000
0.000000
0.000000
0.000000
0.000000
0.000000
0.000000
0.000000
0.000000
0.000000
0.000000
0.000000
0.000000
0.000000
0.000000
0.000000
0.000000
0.000000
0.000000
1.277800
0.000000
0.000000
0.253324
0.000000
0.000000
0.000000
4.525586
0.000000
0.000000
0.000000
0.000000
0.000000
0.000000
0.000000
0.000000
4.393336
0.000000
0.000000
0.000000
0.000000
0.000000
0.000000
0.000000
0.000000
0.000000
0.000000
0.000000
0.000000
2.288719
3.299758
0.000000
0.051310
3.996780
0.000000
0.000000
2.579988
1.730147
0.000000
0.000000
0.000000
0.000000
0.000000
0.945193
0.000000
0.000000
0.000000
0.000000
0.000000
0.000000
0.000000
0.000000
4.136512
0.000000
1.676697
0.000000
0.000000
0.000000
0.000000
0.000000
0.000000
0.000000
0.000000
0.000000
0.000000
0.000000
0.000000
0.000000
0.000000
0.000000
0.000000
0.000000
0.000000
0.000000
0.000000
0.000000
0.000000
0.000000
0.000000
0.000000
0.000000
0.000000
0.000000
0.000000
0.000000
1.210683
0.000000
0.000000
0.000000
0.000000
0.000000
0.000000
0.000000
0.000000
0.081114
0.000000
0.000000
0.000000
0.000000
0.000000
0.000000
0.736793
0.000000
0.000000
0.494862
0.000000
0.000000
0.000000
0.000000
0.000000
0.770033
0.000000
0.000000
0.000000
0.000000
0.000000
0.000000
0.000000
0.000000
0.000000
0.000000
0.000000
0.000000
0.000000
0.000000
0.000000
0.000000
0.000000
14.337026
0.000000
0.000000
0.000000
0.000000
3.379761
0.000000
0.000000
0.000000
0.000000
0.000000
0.000000
0.000000
0.000000
0.000000
6.906873
0.000000
0.000000
0.000000
0.000000
0.000000
0.000000
0.000000
0.000000
0.000000
0.000000
0.000000
0.000000
0.000000
0.333531
0.000000
0.000000
0.000000
0.000000
0.000000
0.000000
0.000000
0.000000
7.295410
0.000000
0.000000
2.007874
0.000000
0.000000
0.000000
0.000000
0.000000
0.000000
0.000000
0.000000
0.000000
0.000000
0.000000
0.000000
0.000000
0.000000
0.000000
0.000000
0.000000
0.000000
0.000000
0.000000
0.000000
3.676431
0.000000
0.000000
0.000000
0.000000
9.188386
0.000000
0.000000
1.121518
0.000000
0.000000
0.000000
0.000000
0.000000
0.000000
0.000000
0.000000
0.000000
0.000000
0.000000
0.000000
0.000000
0.000000
0.000000
0.000000
0.000000
0.000000
0.787792
0.000000
0.000000
0.000000
0.000000
0.000000
0.000000
0.000000
0.000000
0.000000
0.000000
0.000000
0.000000
0.000000
0.000000
5.255107
0.346643
0.000000
0.000000
0.000000
0.000000
0.000000
0.000000
0.000000
0.000000
4.628151
0.000000
0.000000
0.000000
0.000000
0.000000
0.000000
0.000000
0.000000
0.000000
0.000000
0.000000
0.000000
11.052468
0.000000
0.000000
4.341039
0.000000
0.000000
0.000000
0.000000
2.473022
0.000000
6.025205
0.000000
0.000000
0.000000
0.000000
0.000000
0.000000
0.000000
0.000000
0.000000
0.000000
0.000000
0.000000
0.000000
0.000000
0.000000
0.000000
0.000000
0.000000
2.732207
0.000000
2.497656
0.000000
1.228364
0.000000
0.000000
0.000000
3.797008
0.000000
0.000000
0.000000
0.352543
0.000000
0.000000
0.000000
0.000000
0.000000
0.000000
0.000000
0.000000
0.000000
0.000000
0.000000
0.000000
0.000000
0.000000
0.000000
0.000000
0.000000
0.000000
0.000000
0.000000
0.000000
0.000000
0.000000
0.000000
0.000000
0.000000
0.000000
0.000000
4.426480
0.000000
0.000000
0.000000
0.000000
0.000000
0.000000
0.000000
0.000000
0.000000
0.000000
0.000000
0.000000
0.000000
0.000000
0.000000
0.000000
0.000000
0.000000
0.000000
0.000000
0.000000
0.000000
0.000000
2.313409
0.000000
0.000000
0.000000
0.000000
0.000000
0.000000
0.065481
0.000000
0.000000
0.000000
1.305215
0.000000
0.000000
2.915862
0.000000
0.000000
0.000000
0.000000
0.000000
0.000000
1.397034
0.000000
0.000000
0.000000
0.000000
0.000000
0.000000
0.000000
0.000000
0.000000
0.000000
0.000000
0.000000
12.970634
0.000000
0.000000
0.000000
0.000000
0.000000
0.000000
8.056414
0.000000
0.000000
0.000000
0.000000
0.000000
0.000000
0.000000
0.000000
0.000000
0.000000
0.000000
0.000000
0.000000
0.000000
0.000000
0.000000
0.000000
0.000000
0.000000
0.000000
0.000000
0.000000
0.000000
0.000000
0.000000
0.000000
0.000000
0.000000
0.000000
0.894188
0.000000
0.000000
0.000000
7.285335
0.000000
0.000000
0.000000
0.000000
0.000000
0.000000
0.000000
0.000000
0.000000
0.000000
0.000000
0.000000
0.000000
0.000000
0.000000
0.000000
0.000000
0.000000
0.000000
3.715435
0.000000
0.000000
0.000000
0.000000
0.000000
0.000000
1.484233
0.000000
0.000000
0.000000
0.000000
0.000000
0.000000
0.000000
0.000000
0.000000
0.000000
0.000000
0.000000
0.000000
0.000000
0.000000
0.000000
0.000000
0.000000
0.000000
0.000000
0.000000
2.599609
0.000000
0.000000
0.000000
4.616558
0.000000
0.000000
0.000000
0.000000
0.000000
0.000000
0.338656
0.000000
0.000000
0.000000
6.210337
0.000000
0.000000
0.000000
0.000000
0.000000
0.000000
0.000000
0.000000
0.000000
0.000000
0.000000
0.000000
0.000000
0.000000
0.000000
0.000000
0.000000
0.000000
0.000000
0.000000
0.000000
0.000000
7.780317
0.000000
0.000000
0.000000
0.000000
0.000000
0.000000
2.870859
0.000000
0.000000
0.000000
0.000000
0.000000
0.000000
0.000000
0.000000
3.982181
0.000000
0.000000
0.000000
0.000000
0.000000
0.000000
0.000000
0.000000
0.000000
0.000000
0.000000
0.000000
4.738130
0.000000
0.000000
0.000000
0.000000
0.000000
0.000000
0.000000
2.647671
2.698961
0.000000
0.000000
0.000000
0.000000
0.000000
0.000000
0.000000
0.000000
0.000000
0.000000
0.000000
0.000000
0.000000
0.000000
0.000000
3.083388
0.000000
0.000000
0.000000
0.000000
0.000000
0.000000
0.000000
0.000000
0.000000
0.000000
0.000000
0.000000
0.000000
7.015145
3.725133
2.114549
0.000000
0.000000
0.000000
0.000000
0.000000
0.000000
0.000000
0.000000
0.000000
0.000000
0.000000
0.000000
0.000000
0.000000
0.000000
0.000000
0.000000
0.000000
0.000000
2.583888
0.000000
0.000000
0.000000
0.595202
0.000000
0.000000
0.000000
0.000000
0.000000
0.000000
1.675655
0.000000
0.000000
0.000000
6.473022
4.800086
0.371438
0.000000
0.000000
0.000000
0.271755
0.000000
0.000000
0.000000
4.972121
0.000000
0.000000
0.000000
0.341289
0.000000
0.000000
0.000000
0.000000
0.000000
0.000000
0.000000
0.000000
10.489583
0.000000
0.000000
0.000000
0.000000
0.000000
0.000000
4.373707
0.000000
0.000000
0.000000
0.000000
0.000000
0.000000
0.000000
0.000000
0.000000
0.000000
0.000000
0.000000
0.000000
0.000000
0.000000
0.585054
0.000000
0.000000
0.000000
0.000000
0.000000
2.022086
0.000000
0.000000
0.000000
0.970945
0.000000
0.000000
0.000000
4.340676
1.908867
0.000000
0.000000
0.000000
0.000000
0.000000
0.000000
0.000000
0.000000
0.000000
0.000000
0.000000
0.000000
0.000000
0.000000
1.419961
2.192978
0.000000
0.000000
0.000000
0.000000
0.000000
0.000000
0.000000
0.000000
0.000000
0.000000
0.000000
0.000000
0.000000
0.000000
0.000000
3.639649
0.000000
0.000000
0.000000
0.000000
0.000000
0.000000
0.000000
0.000000
0.000000
0.000000
0.000000
0.000000
0.000000
0.000000
0.000000
0.000000
0.000000
0.000000
0.000000
2.745149
0.000000
0.000000
0.000000
0.000000
0.000000
0.000000
0.000000
0.000000
0.000000
0.000000
0.000000
0.000000
0.000000
0.000000
5.705753
0.000000
0.000000
5.433750
0.000000
0.000000
0.000000
0.000000
0.000000
0.000000
4.506625
0.000000
0.000000
0.000000
0.000000
0.000000
0.000000
0.000000
0.000000
0.000000
0.000000
0.000000
0.000000
6.868462
0.000000
0.000000
0.508123
0.000000
0.000000
0.000000
3.517747
0.000000
0.000000
0.000000
0.000000
0.000000
0.000000
0.000000
0.000000
0.000000
0.000000
0.000000
0.000000
0.000000
0.000000
0.000000
0.000000
0.000000
0.000000
0.000000
0.000000
0.000000
1.679717
0.000000
0.000000
0.000000
0.952168
0.000000
3.474538
0.000000
4.097959
0.000000
0.000000
0.000000
0.000000
0.000000
0.000000
0.000000
0.000000
0.000000
0.000000
0.000000
0.000000
0.000000
0.000000
0.000000
2.106022
3.512569
0.000000
0.000000
0.000000
0.000000
0.000000
0.000000
8.059846
0.000000
0.000000
0.000000
0.000000
0.000000
0.000000
2.420986
0.000000
0.917265
0.000000
0.000000
0.000000
0.000000
0.000000
0.000000
0.000000
0.000000
0.000000
0.000000
0.000000
0.000000
0.000000
0.000000
0.000000
0.000000
0.000000
0.000000
0.000000
2.977923
0.000000
0.456954
0.000000
0.000000
0.000000
0.000000
0.000000
0.000000
0.000000
0.000000
0.000000
0.000000
0.000000
0.000000
3.005304
0.000000
0.000000
6.291351
0.000000
0.000000
0.000000
0.000000
0.000000
0.000000
0.000000
0.000000
0.000000
0.000000
0.000000
0.000000
0.000000
0.000000
0.000000
0.000000
0.000000
0.000000
0.000000
12.260163
0.000000
0.000000
0.000000
0.000000
0.000000
0.000000
1.782902
0.000000
0.000000
0.000000
0.000000
0.000000
0.000000
0.000000
0.000000
0.000000
0.000000
0.000000
0.000000
0.000000
0.000000
0.000000
0.000000
0.000000
0.000000
0.000000
0.000000
0.000000
1.110739
0.000000
0.000000
0.000000
3.371709
0.000000
3.715166
0.000000
3.035849
0.000000
0.000000
0.000000
0.000000
0.000000
0.000000
0.000000
0.000000
0.000000
0.000000
0.000000
0.000000
0.000000
0.000000
0.000000
0.000000
0.000000
0.000000
0.000000
0.000000
0.000000
0.000000
0.000000
5.418567
0.000000
0.000000
0.000000
0.000000
0.000000
0.000000
0.000000
0.000000
0.000000
0.000000
0.000000
0.000000
0.000000
0.000000
0.000000
0.000000
0.000000
0.000000
0.000000
0.000000
0.000000
0.000000
0.000000
0.000000
0.000000
0.000000
0.000000
0.000000
3.184772
0.000000
0.000000
0.000000
0.000000
0.000000
0.000000
0.000000
0.000000
0.000000
0.000000
1.158497
0.000000
0.000000
0.000000
1.294101
3.834637
6.694546
0.000000
0.000000
0.000000
0.000000
0.000000
0.000000
0.000000
0.000000
1.610114
0.000000
0.000000
0.000000
0.000000
0.000000
0.000000
0.000000
0.000000
0.000000
0.000000
0.000000
5.793532
0.000000
0.000000
0.000000
0.000000
0.000000
0.000000
6.450923
0.000000
0.071654
0.000000
0.000000
0.000000
0.000000
0.000000
0.000000
3.149791
0.000000
0.000000
0.000000
0.000000
0.000000
0.000000
0.000000
0.000000
0.000000
0.000000
0.000000
0.000000
0.000000
0.000000
0.000000
0.000000
3.175059
0.000000
0.000000
6.318886
1.383287
0.000000
0.000000
0.000000
0.000000
0.000000
1.204260
0.000000
0.000000
0.000000
0.000000
0.000000
0.000000
0.000000
0.000000
0.000000
0.000000
4.515437
0.000000
0.000000
0.000000
0.000000
0.000000
0.000000
0.000000
0.000000
0.000000
0.000000
0.000000
0.000000
0.000000
0.000000
0.291652
0.000000
0.000000
0.000000
0.000000
0.000000
0.000000
0.000000
0.000000
0.000000
0.000000
0.000000
0.000000
0.000000
0.000000
0.000000
0.586026
0.000000
0.000000
0.000000
0.000000
0.000000
0.000000
0.000000
0.000000
0.514577
0.963966
0.000000
0.000000
0.000000
0.000000
0.000000
0.000000
0.000000
0.000000
0.706021
0.000000
0.000000
0.000000
5.267770
0.000000
0.000000
0.000000
0.000000
0.000000
0.000000
0.000000
0.000000
0.000000
0.000000
0.000000
0.000000
0.000000
0.000000
0.000000
0.000000
0.112314
0.000000
0.000000
10.297328
0.000000
0.000000
0.000000
0.000000
1.941935
0.000000
0.000000
0.000000
0.000000
0.000000
0.000000
0.000000
0.000000
0.000000
1.503463
0.000000
0.000000
0.000000
0.000000
0.000000
0.000000
0.000000
0.000000
0.000000
0.000000
0.000000
0.000000
0.000000
0.000000
0.000000
0.000000
0.000000
0.000000
0.000000
0.000000
0.000000
0.000000
8.861210
0.000000
0.000000
2.757859
0.000000
0.000000
0.000000
0.000000
0.000000
0.000000
0.000000
0.000000
1.574932
0.000000
0.000000
0.000000
0.000000
0.000000
0.000000
0.000000
0.000000
0.000000
0.000000
1.954036
0.000000
7.850939
0.000000
0.000000
0.000000
0.000000
8.949526
0.000000
0.000000
0.000000
0.000000
0.000000
0.000000
0.000000
0.000000
0.000000
0.000000
0.000000
0.000000
0.000000
0.000000
0.000000
0.000000
0.000000
0.000000
0.000000
0.000000
0.000000
0.000000
0.000000
0.000000
0.000000
0.000000
0.000000
0.000000
0.000000
0.000000
0.000000
0.000000
1.149185
0.000000
0.000000
0.269067
9.952260
0.000000
0.000000
3.611385
0.000000
2.563104
0.000000
0.000000
0.000000
0.000000
3.288764
0.000000
0.000000
0.000000
0.000000
0.000000
0.000000
0.000000
0.000000
0.000000
0.000000
0.000000
0.000000
11.065810
0.000000
0.000000
0.000000
0.000000
0.000000
0.000000
0.000000
5.190742
0.000000
0.000000
0.000000
0.000000
0.000000
0.000000
0.000000
0.000000
0.000000
0.000000
0.000000
0.000000
0.000000
0.000000
0.000000
0.000000
0.000000
0.000000
0.000000
0.000000
0.161164
0.000000
0.000000
0.000000
0.000000
0.000000
5.096940
0.000000
4.430039
3.493060
0.000000
0.000000
0.000000
0.000000
0.000000
0.000000
0.000000
0.000000
0.000000
0.000000
0.000000
0.000000
0.000000
0.000000
0.000000
0.000000
0.000000
0.000000
0.000000
0.000000
0.000000
0.000000
0.000000
0.000000
0.000000
0.000000
0.000000
0.000000
0.000000
0.195134
0.000000
0.000000
0.000000
0.000000
0.000000
0.000000
0.000000
0.000000
0.000000
0.000000
0.000000
0.000000
0.000000
0.102037
0.000000
0.000000
0.000000
0.000000
0.000000
0.000000
0.000000
1.888175
0.000000
0.000000
0.000000
0.000000
0.000000
0.000000
0.000000
0.000000
0.000000
0.000000
1.150497
0.000000
0.000000
0.000000
2.927855
0.000000
0.000000
8.947930
0.000000
0.000000
0.000000
0.000000
0.000000
0.000000
4.626150
0.000000
0.000000
0.000000
0.000000
0.000000
0.000000
0.000000
0.000000
0.000000
0.000000
0.000000
0.000000
15.624991
0.000000
0.000000
0.000000
0.000000
0.000000
0.000000
2.401659
0.000000
0.000000
0.000000
0.000000
0.000000
0.000000
0.000000
0.000000
0.000000
0.000000
0.000000
0.000000
0.000000
0.000000
0.000000
1.778970
0.000000
0.000000
0.000000
0.000000
0.000000
1.934942
0.000000
0.000000
0.000000
0.000000
0.000000
4.736621
0.000000
2.349217
0.000000
0.000000
0.000000
0.000000
0.000000
0.000000
0.000000
0.000000
0.000000
0.000000
0.000000
0.000000
0.000000
0.000000
0.000000
0.000000
0.000000
0.000000
0.000000
0.000000
0.000000
0.000000
0.000000
8.765938
0.000000
0.000000
0.000000
0.000000
0.000000
0.000000
0.000000
0.000000
0.000000
0.000000
0.000000
0.000000
0.000000
0.000000
0.000000
0.000000
0.000000
0.000000
0.000000
0.000000
0.000000
0.000000
0.000000
0.000000
0.000000
0.000000
0.000000
0.000000
1.128918
0.000000
0.000000
0.000000
0.000000
0.000000
0.000000
0.000000
0.000000
0.000000
0.000000
2.935542
0.000000
0.000000
0.000000
5.922171
0.000000
0.000000
1.125940
0.000000
0.000000
0.000000
0.000000
0.000000
0.000000
0.000000
0.000000
0.000000
0.000000
0.000000
0.000000
0.000000
0.000000
0.000000
0.000000
0.000000
0.000000
0.000000
10.813737
0.000000
0.000000
0.000000
0.000000
0.000000
0.000000
5.302191
0.000000
0.000000
0.000000
0.000000
0.000000
0.000000
0.000000
0.000000
1.570870
0.000000
0.000000
0.000000
0.000000
0.000000
0.000000
0.000000
0.000000
0.000000
0.000000
0.000000
0.000000
1.855583
0.000000
0.000000
0.000000
0.000000
0.000000
0.000000
0.000000
2.792619
0.000000
0.000000
0.000000
7.386632
0.000000
0.000000
0.000000
0.000000
0.000000
0.000000
0.000000
0.000000
0.000000
0.000000
0.000000
0.000000
1.087209
0.000000
0.000000
0.000000
0.000000
0.000000
0.000000
0.855832
0.000000
0.000000
0.000000
0.000000
0.000000
0.000000
5.598534
0.000000
0.000000
0.000000
0.000000
0.000000
0.000000
0.000000
0.000000
0.000000
0.000000
0.000000
0.000000
0.000000
0.000000
0.000000
0.000000
0.000000
0.000000
0.000000
0.000000
0.000000
1.026791
0.000000
0.000000
0.000000
0.000000
0.000000
0.000000
0.000000
0.000000
0.000000
0.000000
0.701289
0.000000
0.000000
0.220690
8.892837
6.114177
0.000000
0.000000
0.000000
0.000000
0.257070
0.000000
2.713068
0.000000
0.619202
0.000000
0.000000
0.000000
0.000000
0.000000
0.000000
0.000000
0.000000
0.000000
0.000000
0.000000
0.000000
12.080852
0.000000
0.000000
4.650614
0.000000
0.000000
0.000000
0.000000
0.000000
0.000000
0.000000
0.000000
0.000000
0.000000
0.000000
0.000000
0.000000
0.000000
0.000000
0.000000
0.000000
0.000000
0.000000
0.000000
0.000000
0.000000
0.000000
0.000000
0.000000
3.667223
0.000000
0.000000
0.000000
0.000000
0.000000
0.214668
0.000000
6.121434
0.000000
0.000000
0.000000
0.000000
0.000000
0.000000
0.000000
0.000000
0.000000
0.000000
0.000000
0.000000
0.000000
0.000000
0.000000
0.000000
10.939122
0.000000
0.000000
0.000000
0.000000
0.000000
0.000000
1.680323
0.000000
0.000000
0.000000
0.000000
0.000000
0.000000
0.000000
0.000000
3.015940
0.000000
0.000000
0.000000
0.000000
0.000000
0.000000
0.000000
0.000000
0.000000
0.000000
0.000000
0.025047
0.000000
0.000000
0.000000
0.000000
0.000000
0.000000
0.000000
3.966277
0.000000
0.000000
0.000000
0.010451
0.000000
0.000000
0.000000
0.000000
0.000000
0.000000
0.000000
0.000000
0.000000
0.000000
2.725130
0.899334
0.000000
6.462689
0.000000
1.475828
0.000000
0.000000
0.000000
0.000000
9.001075
0.000000
0.000000
0.000000
0.000000
0.000000
0.000000
0.000000
0.000000
0.000000
0.000000
0.000000
0.000000
6.704167
0.000000
0.000000
0.000000
0.000000
0.000000
0.000000
2.427355
0.000000
0.000000
0.000000
0.000000
0.000000
0.000000
0.000000
0.000000
0.000000
0.000000
0.000000
0.000000
0.000000
0.000000
0.000000
0.000000
0.000000
0.000000
0.000000
0.000000
0.000000
1.282683
0.000000
0.000000
0.000000
0.000000
0.000000
0.000000
0.000000
7.114572
0.000000
0.000000
0.000000
0.000000
0.000000
0.000000
0.000000
0.000000
0.000000
0.000000
0.000000
0.000000
0.000000
0.000000
0.000000
0.709083
5.139242
0.000000
0.000000
0.000000
0.000000
0.000000
0.000000
8.886677
0.000000
0.000000
0.000000
0.000000
0.000000
0.000000
0.000000
0.000000
0.000000
0.000000
0.000000
0.000000
0.000000
0.000000
0.000000
0.000000
0.000000
0.000000
0.000000
0.000000
0.786272
0.000000
0.000000
0.000000
0.000000
0.000000
0.000000
5.266197
8.793509
0.000000
1.882854
0.000000
0.000000
0.000000
0.000000
0.000000
0.000000
0.000000
0.000000
0.000000
0.000000
0.000000
0.000000
2.865480
0.000000
0.000000
7.440508
0.000000
0.000000
4.403356
0.000000
0.000000
0.000000
2.575406
0.000000
0.000000
0.000000
0.000000
0.000000
0.000000
0.000000
0.000000
0.000000
0.000000
0.000000
0.000000
7.852818
0.000000
0.000000
0.000000
0.000000
0.000000
0.000000
5.157570
0.000000
0.000000
0.000000
0.000000
0.000000
0.000000
0.000000
0.000000
0.000000
0.000000
0.000000
0.000000
0.000000
0.000000
0.000000
0.000000
0.000000
0.000000
0.000000
0.000000
0.000000
0.000000
0.000000
0.000000
0.000000
0.000000
0.000000
1.651182
0.000000
10.041332
0.000000
0.000000
0.000000
0.000000
0.000000
0.000000
0.000000
0.000000
0.000000
0.000000
0.000000
0.000000
3.857613
0.000000
0.000000
4.805541
0.000000
0.000000
0.000000
0.000000
0.000000
0.000000
0.000000
0.000000
0.000000
0.000000
0.000000
0.000000
0.000000
0.000000
0.000000
1.721963
0.495153
0.000000
0.000000
0.000000
0.000000
0.000000
0.000000
0.000000
0.000000
0.000000
0.000000
0.000000
0.000000
0.000000
0.000000
0.000000
0.000000
0.000000
0.000000
0.575472
1.779013
0.000000
0.000000
0.000000
0.000000
0.000000
0.000000
0.000000
0.000000
0.000000
0.000000
5.828348
0.000000
0.000000
0.000000
5.565620
4.412782
15.353189
0.000000
0.000000
0.000000
0.000000
0.000000
0.000000
0.000000
0.000000
0.971803
0.000000
0.000000
0.000000
0.000000
0.000000
0.000000
0.000000
0.000000
0.000000
0.000000
1.251212
2.465854
0.000000
0.000000
0.000000
0.000000
0.000000
0.000000
3.702936
0.000000
0.000000
0.000000
0.000000
0.000000
0.000000
0.000000
0.000000
9.607412
0.000000
0.000000
0.000000
0.000000
0.000000
0.000000
0.000000
0.000000
0.000000
0.000000
0.000000
0.000000
0.000000
0.000000
0.000000
0.000000
0.000000
0.000000
0.000000
0.722800
2.911954
0.000000
0.000000
0.000000
0.000000
0.000000
0.000000
0.000000
0.000000
0.000000
0.000000
0.000000
0.000000
0.000000
0.000000
0.000000
0.257652
4.661374
0.000000
0.000000
0.000000
0.000000
0.000000
0.000000
0.000000
0.000000
0.000000
0.000000
0.000000
0.000000
0.000000
0.000000
3.760747
0.000000
0.000000
0.000000
0.000000
0.000000
0.000000
0.000000
0.000000
0.000000
0.000000
0.000000
0.000000
0.000000
0.000000
0.000000
1.432419
0.000000
0.000000
0.000000
0.000000
0.000000
0.000000
0.000000
0.000000
1.194592
0.000000
0.000000
0.000000
0.000000
0.000000
0.000000
2.114470
0.000000
0.000000
0.000000
0.000000
0.000000
0.000000
0.699880
0.000000
2.265096
0.000000
0.000000
0.000000
0.000000
2.981977
0.000000
0.000000
0.000000
0.000000
0.000000
0.000000
0.000000
0.000000
0.000000
0.000000
0.000000
0.000000
3.149644
0.000000
0.000000
0.000000
0.000000
0.000000
0.000000
0.000000
0.000000
0.000000
0.000000
0.000000
0.000000
0.000000
0.000000
1.304278
0.000000
0.000000
0.000000
0.000000
0.000000
0.000000
0.000000
1.445828
0.000000
0.000000
0.000000
0.000000
0.000000
0.000000
0.000000
0.000000
0.000000
0.000000
0.000000
0.000000
0.000000
0.032543
3.640860
0.000000
0.000000
5.766336
0.000000
0.000000
0.000000
0.000000
0.000000
0.000000
0.000000
0.000000
0.000000
0.000000
0.000000
0.000000
0.000000
0.000000
0.000000
0.000000
0.000000
0.000000
0.000000
1.561131
0.000000
6.535987
0.000000
0.000000
0.000000
0.000000
5.724619
0.000000
0.000000
0.000000
0.000000
0.000000
0.000000
0.000000
0.000000
0.000000
0.000000
0.000000
0.000000
0.180669
0.000000
0.000000
0.000000
0.000000
0.000000
0.000000
0.000000
0.000000
0.000000
0.000000
0.000000
0.000000
0.000000
0.000000
0.000000
0.000000
0.000000
0.000000
0.000000
1.927360
0.000000
0.000000
0.000000
5.540767
0.000000
0.000000
0.000000
0.000000
3.298122
4.339077
0.000000
0.000000
0.000000
0.000000
0.000000
0.000000
0.000000
0.000000
0.000000
0.000000
0.000000
0.000000
0.000000
0.000000
0.000000
0.000000
6.064394
0.000000
0.000000
0.000000
0.000000
0.000000
0.000000
0.000000
0.930737
0.000000
0.000000
0.055803
0.000000
0.000000
0.000000
0.000000
0.000000
0.000000
0.000000
0.000000
0.000000
0.000000
0.000000
0.000000
0.000000
0.000000
0.000000
0.000000
0.000000
0.714115
0.000000
0.000000
0.000000
0.000000
0.000000
0.000000
0.000000
2.524864
0.000000
0.000000
0.000000
0.500624
0.000000
0.000000
0.000000
0.000000
0.000000
0.000000
0.000000
0.000000
0.000000
0.000000
0.000000
0.000000
0.000000
0.000000
0.000000
0.000000
0.000000
0.000000
0.000000
0.000000
0.000000
0.000000
0.000000
0.000000
0.000000
0.000000
0.103422
0.000000
6.212234
0.000000
0.000000
0.686937
0.000000
0.000000
0.000000
0.000000
0.000000
0.000000
0.000000
0.000000
0.000000
0.000000
0.000000
0.000000
0.000000
0.000000
0.000000
0.000000
3.345871
0.000000
0.000000
0.000000
0.325468
0.000000
0.000000
0.000000
0.000000
0.000000
0.000000
0.000000
0.000000
0.000000
0.000000
6.981668
0.000000
0.000000
1.775509
0.000000
0.000000
0.000000
0.000000
0.000000
0.000000
4.644192
0.000000
0.000000
0.000000
0.000000
0.000000
0.000000
0.000000
0.000000
0.000000
0.000000
0.000000
0.000000
6.635495
0.000000
0.000000
0.000000
0.000000
0.000000
0.000000
2.068572
0.000000
0.000000
0.000000
0.000000
0.000000
0.000000
0.000000
0.000000
0.000000
0.000000
0.000000
0.000000
0.000000
0.000000
0.000000
0.000000
0.000000
0.000000
0.000000
0.000000
0.000000
2.302647
0.000000
0.000000
0.000000
0.000000
0.000000
3.161420
0.000000
3.351040
0.301037
0.000000
0.000000
0.000000
0.000000
0.000000
0.000000
0.000000
0.000000
0.000000
0.000000
0.000000
0.000000
0.000000
0.000000
0.000000
0.000000
0.000000
0.000000
0.000000
0.000000
0.000000
0.000000
6.759877
0.000000
0.000000
0.000000
0.000000
0.000000
0.000000
1.072572
0.000000
1.114707
0.000000
0.000000
0.000000
0.000000
0.000000
0.000000
0.000000
0.000000
0.000000
0.000000
0.000000
0.000000
0.000000
0.000000
0.000000
0.000000
0.000000
0.000000
0.000000
1.101320
0.000000
0.000000
0.000000
0.000000
0.000000
0.000000
0.000000
0.000000
0.000000
0.000000
0.000000
0.000000
0.000000
0.000000
6.351676
0.000000
0.000000
1.493332
0.000000
0.000000
0.000000
0.000000
0.000000
0.000000
3.400532
0.000000
0.000000
0.000000
0.000000
0.000000
0.000000
0.000000
0.000000
0.000000
0.000000
0.000000
0.000000
11.597247
0.000000
0.000000
0.000000
0.000000
0.000000
0.000000
6.804687
0.000000
0.000000
0.000000
0.000000
0.000000
0.000000
0.000000
0.000000
0.000000
0.000000
0.000000
0.000000
0.000000
0.000000
0.000000
0.000000
0.000000
0.000000
0.000000
0.000000
0.000000
6.500171
0.000000
0.000000
0.000000
0.000000
0.000000
0.000000
0.000000
5.897359
0.000000
0.000000
0.000000
0.000000
0.000000
0.000000
0.000000
0.000000
0.000000
0.000000
0.000000
0.000000
0.000000
0.000000
0.000000
0.096813
3.995079
0.000000
0.000000
0.000000
0.000000
0.000000
0.000000
1.709366
0.000000
0.000000
0.000000
0.000000
0.000000
0.000000
0.068276
0.000000
0.000000
0.000000
0.000000
0.000000
0.000000
0.000000
0.000000
0.000000
0.000000
0.000000
0.000000
0.000000
0.000000
0.000000
0.000000
0.000000
0.000000
0.000000
0.000000
0.000000
4.912693
0.000000
0.000000
0.000000
0.000000
0.000000
0.000000
0.000000
0.000000
0.000000
0.000000
0.000000
0.000000
0.000000
0.000000
11.534943
0.000000
0.000000
0.650446
0.000000
0.000000
0.000000
0.000000
0.000000
0.000000
5.884686
0.000000
0.000000
0.000000
0.000000
0.000000
0.000000
0.000000
0.000000
0.000000
0.000000
0.000000
0.000000
9.807753
0.000000
0.000000
0.162302
0.000000
0.000000
0.000000
10.607592
0.000000
0.000000
0.000000
0.000000
0.000000
0.000000
0.000000
0.000000
0.000000
0.000000
0.000000
0.000000
0.000000
0.000000
0.000000
0.000000
0.000000
0.000000
0.000000
0.000000
0.000000
0.688744
0.000000
0.000000
0.000000
0.700188
0.000000
0.000000
0.000000
3.492038
0.913364
0.000000
0.000000
0.000000
0.000000
0.000000
0.000000
0.000000
0.000000
0.000000
0.000000
0.000000
0.000000
0.000000
0.000000
6.084368
3.644987
0.000000
0.000000
0.000000
0.000000
0.000000
0.000000
0.000000
0.000000
0.000000
0.000000
0.000000
0.000000
0.000000
0.000000
0.000000
0.000000
0.000000
0.000000
0.000000
0.000000
0.000000
0.000000
0.000000
0.000000
0.000000
0.000000
0.000000
0.000000
0.000000
0.000000
2.975868
0.000000
0.000000
0.000000
3.990011
7.187248
0.000000
0.000000
0.000000
3.121347
0.000000
0.000000
0.000000
0.000000
0.000000
0.000000
0.000000
0.000000
0.000000
0.000000
6.612330
0.000000
0.000000
5.270182
0.000000
0.000000
0.000000
0.000000
0.000000
0.000000
0.269603
0.000000
0.000000
0.000000
0.000000
0.000000
0.000000
0.000000
0.000000
0.000000
0.000000
0.000000
0.000000
12.078490
0.000000
0.000000
0.000000
0.000000
0.000000
0.000000
1.145803
0.000000
0.000000
0.000000
0.000000
0.000000
0.000000
0.000000
0.000000
0.000000
0.000000
0.000000
0.000000
0.000000
0.000000
0.000000
0.000000
0.000000
0.000000
0.000000
0.000000
0.000000
0.000000
0.000000
0.000000
0.000000
2.692538
0.000000
0.000000
0.000000
1.487704
2.099466
0.000000
0.000000
0.000000
0.000000
0.000000
0.000000
0.000000
0.000000
0.000000
0.000000
0.000000
0.000000
0.000000
0.000000
0.000000
0.000000
0.000000
0.000000
0.000000
0.000000
0.000000
0.000000
0.000000
0.000000
0.000000
0.000000
0.000000
0.000000
0.000000
0.000000
0.000000
0.000000
0.000000
0.000000
0.000000
0.000000
0.000000
0.000000
0.000000
0.000000
0.000000
0.000000
0.000000
0.000000
0.000000
0.000000
0.000000
0.000000
0.000000
0.000000
0.641968
1.917979
0.000000
0.000000
0.000000
0.000000
0.000000
0.000000
0.000000
0.000000
0.000000
0.000000
0.145217
0.000000
0.000000
0.000000
2.027899
0.000000
0.000000
2.301030
0.000000
0.000000
0.000000
0.000000
0.000000
0.000000
0.806489
0.000000
0.000000
0.000000
0.000000
0.000000
0.000000
0.000000
0.000000
0.000000
0.000000
0.000000
0.000000
7.009200
0.000000
0.000000
0.000000
0.000000
0.000000
0.000000
2.109773
0.000000
0.000000
0.000000
0.000000
0.000000
0.000000
0.000000
0.000000
8.014700
0.000000
0.000000
0.000000
0.000000
0.000000
0.000000
0.000000
0.000000
0.000000
0.000000
0.000000
0.000000
0.000000
0.000000
0.000000
0.000000
0.000000
0.000000
1.408302
0.000000
9.358780
0.000000
0.000000
0.000000
0.000000
0.000000
0.000000
0.000000
0.000000
0.000000
0.000000
0.000000
0.000000
0.000000
0.000000
0.000000
1.420523
0.000000
0.000000
0.000000
0.000000
0.000000
0.000000
0.000000
0.428305
0.000000
2.476766
0.000000
0.000000
0.000000
0.000000
3.106858
0.000000
0.000000
0.000000
0.000000
0.000000
0.000000
0.000000
0.000000
0.000000
0.000000
0.000000
0.000000
0.000000
0.000000
0.000000
0.000000
0.000000
0.000000
0.000000
0.000000
0.000000
0.161983
0.000000
0.000000
0.000000
0.000000
0.000000
0.000000
0.000000
0.000000
0.000000
0.000000
0.000000
0.000000
0.000000
0.000000
4.198972
0.178133
14.157127
0.000000
0.000000
0.000000
0.000000
0.000000
0.000000
1.396774
0.000000
0.000000
0.000000
0.000000
0.000000
0.000000
0.000000
0.000000
0.000000
0.000000
0.000000
0.000000
0.000000
0.000000
0.000000
0.000000
0.000000
0.000000
0.000000
0.000000
2.097541
0.000000
0.000000
0.000000
0.000000
0.000000
0.000000
0.000000
0.000000
3.108724
0.000000
0.000000
0.000000
0.000000
0.000000
0.000000
0.000000
0.000000
0.000000
0.000000
0.000000
0.000000
3.154963
2.049525
0.000000
0.000000
2.273689
0.000000
0.000000
0.537988
0.000000
0.000000
0.000000
0.000000
0.000000
0.000000
0.000000
0.000000
0.000000
0.000000
0.000000
0.000000
0.000000
0.000000
0.000000
0.000000
3.935083
10.094457
0.000000
0.000000
0.000000
0.000000
0.000000
0.000000
0.000000
0.000000
0.000000
0.000000
0.000000
0.000000
0.000000
0.000000
1.521480
0.000000
0.000000
0.000000
0.000000
0.000000
0.000000
0.000000
0.000000
0.000000
0.000000
0.000000
0.000000
0.000000
0.000000
0.000000
0.000000
0.000000
0.000000
0.000000
0.000000
2.207751
0.000000
0.000000
0.000000
0.000000
3.006656
0.000000
0.000000
0.000000
0.000000
0.000000
0.000000
1.036464
0.000000
0.000000
0.308384
0.000000
0.000000
2.674855
0.000000
0.000000
0.000000
0.000000
0.000000
0.000000
3.825385
0.000000
0.000000
0.000000
0.000000
0.000000
0.000000
0.000000
0.000000
0.000000
0.000000
0.000000
0.000000
5.492977
0.000000
0.000000
0.000000
0.000000
0.000000
0.000000
0.000000
0.000000
0.000000
0.000000
0.757495
0.000000
0.000000
0.000000
3.449664
0.000000
0.000000
0.000000
0.000000
0.000000
0.000000
0.000000
1.807861
0.000000
0.000000
0.000000
0.000000
0.000000
0.000000
0.000000
0.000000
0.000000
0.000000
0.000000
0.000000
0.000000
0.000000
0.000000
0.000000
0.000000
1.113583
0.000000
0.000000
0.000000
0.000000
0.000000
0.000000
0.000000
0.000000
0.000000
0.000000
0.000000
0.000000
0.000000
0.000000
0.000000
0.000000
0.000000
0.000000
0.000000
5.389413
0.000000
13.115778
0.000000
0.000000
0.000000
0.000000
8.151526
0.000000
0.360900
0.000000
0.000000
0.000000
0.000000
0.000000
0.000000
0.000000
0.000000
0.000000
0.000000
0.980894
0.000000
0.000000
0.000000
0.000000
0.000000
0.731795
0.000000
0.000000
0.173668
0.000000
0.000000
0.000000
0.000000
0.000000
0.000000
0.000000
0.000000
0.000000
0.000000
0.000000
0.000000
0.000000
0.000000
7.301250
0.000000
0.000000
0.000000
0.000000
0.000000
0.000000
0.000000
0.472878
0.000000
0.652812
0.000000
0.000000
0.000000
0.000000
0.000000
0.000000
0.000000
0.000000
0.000000
0.000000
0.000000
0.000000
5.008439
0.000000
0.000000
0.000000
0.000000
0.000000
0.000000
0.000000
0.000000
0.000000
0.000000
0.000000
0.000000
0.000000
0.000000
0.000000
0.000000
0.000000
0.000000
0.000000
0.000000
0.000000
0.000000
0.000000
0.000000
0.000000
0.000000
0.000000
0.000000
0.000000
0.000000
0.000000
0.000000
3.683817
0.000000
2.858151
0.000000
0.499115
0.000000
0.000000
0.000000
0.000000
0.000000
0.000000
0.000000
0.000000
0.000000
0.000000
0.000000
0.000000
0.000000
0.000000
0.000000
0.000000
1.261588
0.000000
0.000000
0.000000
0.000000
0.000000
0.000000
3.743579
0.000000
0.000000
0.000000
0.000000
0.000000
0.000000
0.000000
0.000000
8.683160
0.000000
0.000000
0.000000
0.000000
0.000000
0.000000
0.000000
0.000000
0.000000
0.000000
0.000000
0.000000
0.000000
0.000000
0.000000
0.000000
0.000000
0.000000
0.000000
6.904204
0.000000
0.000000
0.000000
0.000000
0.000000
0.000000
0.000000
0.000000
0.000000
0.000000
3.342734
0.000000
0.000000
0.000000
8.757835
0.019078
0.000000
0.000000
0.000000
0.000000
0.000000
0.000000
0.000000
0.000000
6.356220
0.000000
0.000000
0.000000
0.000000
0.000000
0.000000
0.000000
0.000000
0.000000
0.000000
0.000000
0.000000
14.425267
0.000000
0.000000
0.000000
0.000000
0.000000
0.000000
1.954777
0.000000
0.000000
0.000000
0.000000
0.000000
0.000000
0.000000
0.000000
0.000000
0.000000
0.000000
0.000000
0.000000
0.000000
0.000000
0.000000
0.000000
0.000000
0.955412
0.000000
0.000000
0.000000
0.000000
0.000000
0.000000
0.000000
0.000000
0.000000
0.000000
3.250576
0.000000
0.000000
0.000000
0.000000
0.000000
0.000000
0.000000
0.000000
0.000000
0.000000
0.000000
0.000000
0.000000
0.000000
0.000000
5.991388
5.557006
0.000000
0.000000
0.000000
0.000000
0.000000
0.000000
2.120521
0.000000
0.000000
0.000000
0.000000
0.000000
0.000000
0.000000
0.000000
0.000000
0.000000
0.000000
0.000000
0.000000
0.000000
0.000000
0.000000
0.000000
0.000000
0.000000
0.000000
0.000000
0.000000
0.000000
0.000000
0.000000
0.000000
0.000000
0.000000
4.798596
0.000000
0.000000
0.000000
0.000000
0.000000
0.000000
0.000000
0.000000
0.000000
0.000000
4.572379
0.000000
0.000000
0.000000
10.453199
1.399574
0.000000
0.000000
0.000000
0.000000
0.000000
0.000000
0.000000
0.000000
6.789340
0.000000
0.000000
0.000000
0.641224
0.000000
0.000000
0.000000
0.000000
0.000000
0.000000
0.000000
0.000000
9.878781
0.000000
0.000000
0.245780
0.000000
0.000000
0.000000
2.339043
0.000000
0.000000
0.000000
0.000000
0.000000
0.000000
0.000000
0.000000
0.000000
0.000000
0.000000
0.000000
0.000000
0.000000
0.000000
0.000000
0.000000
0.000000
0.000000
0.000000
0.000000
0.000000
0.000000
0.000000
0.000000
0.000000
0.000000
0.000000
0.000000
0.000000
0.000000
0.000000
0.000000
0.000000
0.000000
0.000000
0.000000
0.000000
0.000000
0.000000
0.000000
0.000000
0.000000
0.000000
0.000000
5.059270
11.792170
0.000000
0.000000
0.000000
0.000000
0.000000
0.000000
3.062841
0.000000
0.000000
0.000000
0.000000
0.000000
0.000000
0.000000
0.000000
3.954025
0.000000
0.000000
0.000000
0.000000
0.000000
0.000000
0.000000
0.000000
0.000000
0.000000
0.000000
0.000000
0.000000
0.000000
0.000000
0.000000
0.000000
0.000000
0.000000
4.812035
0.000000
0.000000
0.000000
0.000000
0.000000
0.000000
0.000000
0.000000
0.000000
0.000000
1.615332
0.000000
0.000000
0.000000
9.749210
7.418998
0.000000
0.000000
0.000000
0.658151
0.000000
0.000000
0.000000
0.000000
4.392458
0.000000
0.000000
0.000000
0.000000
0.000000
0.000000
0.000000
0.000000
0.000000
0.000000
0.000000
0.000000
4.754498
0.000000
0.000000
0.004924
0.000000
0.000000
0.000000
2.095866
0.000000
0.000000
0.000000
0.000000
0.000000
0.000000
0.000000
0.000000
0.000000
0.000000
0.000000
0.000000
0.000000
0.000000
0.000000
0.000000
0.000000
0.000000
0.000000
0.000000
0.000000
0.000000
0.000000
0.000000
0.000000
6.561096
0.000000
0.000000
0.000000
4.029099
0.000000
0.000000
0.000000
0.000000
0.000000
0.000000
0.000000
0.000000
0.000000
0.000000
0.000000
0.000000
0.000000
0.000000
0.000000
0.000000
8.473060
0.000000
0.000000
0.000000
0.000000
0.000000
0.000000
3.772166
0.000000
0.000000
0.000000
0.000000
0.000000
0.000000
0.000000
0.000000
0.000000
0.000000
0.000000
0.000000
0.000000
0.000000
0.000000
0.000000
0.000000
0.000000
0.000000
0.000000
0.000000
0.000000
0.000000
0.000000
0.000000
0.000000
0.000000
0.000000
7.150628
0.000000
0.104247
0.000000
0.000000
0.000000
0.000000
0.000000
0.000000
0.000000
0.000000
0.738159
0.000000
0.000000
0.000000
10.708746
1.668265
0.000000
0.000000
0.000000
0.000000
0.000000
0.000000
0.000000
0.000000
0.622821
0.000000
0.000000
0.000000
0.000000
0.000000
0.000000
0.000000
0.000000
0.000000
0.000000
0.000000
0.000000
7.302991
0.000000
0.000000
1.220042
0.000000
0.000000
0.000000
1.734859
0.000000
0.000000
0.000000
0.000000
0.000000
0.000000
0.000000
0.000000
0.000000
0.000000
0.000000
0.000000
0.000000
0.000000
0.000000
0.000000
0.000000
0.000000
1.094224
0.000000
0.000000
2.228420
0.000000
0.000000
0.000000
6.204416
0.000000
1.880579
0.000000
2.920494
0.000000
0.000000
0.000000
0.000000
0.000000
0.000000
0.000000
0.000000
0.000000
0.000000
0.000000
0.000000
0.000000
0.000000
0.000000
0.000000
7.851893
0.000000
0.000000
0.000000
0.000000
0.000000
0.000000
7.256968
0.000000
0.000000
0.000000
0.000000
0.000000
0.000000
0.659871
0.000000
0.000000
0.000000
0.000000
0.000000
0.000000
0.000000
0.000000
0.000000
0.000000
0.000000
0.000000
0.000000
0.000000
0.000000
0.000000
0.000000
0.000000
0.000000
0.000000
0.000000
1.388070
0.000000
0.000000
0.000000
0.000000
0.000000
0.000000
0.000000
0.000000
0.000000
0.000000
0.000000
0.000000
0.000000
0.000000
2.845719
2.670465
0.000000
0.000000
0.000000
0.000000
0.000000
0.000000
0.000000
0.000000
0.000000
0.000000
0.000000
0.000000
0.000000
0.000000
0.000000
0.000000
0.000000
0.000000
0.000000
0.000000
0.000000
9.408859
0.000000
0.000000
0.000000
0.000000
0.000000
0.000000
1.352420
0.000000
0.000000
0.000000
0.000000
0.000000
0.000000
0.000000
0.000000
0.000000
0.000000
0.000000
0.000000
0.000000
0.000000
0.000000
0.000000
0.000000
0.000000
0.000000
0.000000
0.000000
0.000000
0.000000
0.000000
0.000000
4.165689
0.000000
0.000000
0.000000
3.823245
0.000000
0.000000
0.000000
0.000000
0.000000
0.000000
0.000000
0.000000
0.000000
0.000000
0.000000
0.000000
0.000000
0.000000
0.000000
0.000000
3.219082
0.000000
0.000000
0.000000
0.000000
0.000000
0.000000
4.092965
0.000000
0.000000
0.000000
0.000000
3.878755
0.000000
0.125394
0.000000
0.000000
0.000000
0.000000
0.000000
0.000000
0.000000
0.000000
0.000000
0.000000
0.000000
0.000000
0.000000
0.000000
0.000000
0.000000
0.000000
0.000000
0.000000
0.000000
0.000000
4.127552
0.000000
0.000000
0.000000
0.000000
0.000000
0.000000
0.000000
0.000000
0.000000
0.000000
0.000000
0.000000
0.000000
0.000000
8.106715
0.661863
6.525940
0.000000
0.000000
0.000000
0.000000
0.000000
0.000000
0.000000
0.000000
0.000000
0.000000
0.000000
0.000000
0.000000
0.000000
0.000000
0.000000
0.000000
0.000000
0.000000
0.000000
3.631613
0.000000
0.000000
0.258097
0.000000
0.000000
0.000000
6.584324
0.000000
0.000000
0.000000
0.000000
1.223431
0.000000
0.000000
0.000000
0.000000
0.000000
0.000000
0.000000
0.000000
0.000000
0.000000
0.000000
0.000000
0.000000
0.000000
0.000000
0.000000
0.762938
4.624892
0.000000
0.000000
5.857217
0.000000
0.000000
0.000000
3.312697
0.000000
0.000000
0.000000
0.000000
0.000000
0.000000
0.000000
0.000000
0.000000
0.000000
0.000000
0.000000
0.000000
0.000000
0.000000
1.340179
9.357337
0.000000
0.000000
0.000000
0.000000
0.000000
0.000000
0.000000
0.000000
0.000000
0.000000
0.000000
0.000000
0.000000
0.000000
0.000000
0.000000
0.000000
0.000000
0.000000
0.000000
0.000000
0.000000
0.000000
0.000000
0.000000
0.000000
0.000000
0.000000
0.000000
0.000000
2.125957
0.000000
0.000000
0.000000
0.000000
0.000000
0.000000
0.000000
0.000000
3.073718
0.000000
0.000000
0.000000
0.000000
0.000000
0.000000
0.000000
0.000000
0.000000
0.000000
0.000000
0.000000
0.000000
3.843323
0.000000
1.064070
4.384527
0.000000
0.000000
0.000000
0.000000
0.000000
0.000000
0.000000
0.000000
0.000000
0.000000
0.000000
0.000000
0.000000
0.000000
0.000000
0.000000
5.752666
0.000000
0.000000
0.000000
0.000000
0.000000
0.000000
0.000000
0.609425
0.000000
0.000000
0.000000
0.000000
0.000000
0.000000
0.000000
0.000000
0.000000
0.000000
0.000000
0.000000
0.000000
0.000000
0.000000
0.000000
0.000000
0.000000
0.000000
0.000000
0.000000
0.000000
0.000000
0.000000
0.000000
0.000000
0.000000
0.000000
0.000000
12.144625
0.000000
0.000000
11.252955
0.000000
0.000000
0.000000
0.000000
0.000000
0.000000
2.343405
0.000000
0.000000
2.727098
0.000000
0.000000
0.000000
0.000000
0.000000
0.000000
0.000000
0.000000
2.938320
2.263479
0.000000
3.444048
0.000000
0.000000
0.000000
0.000000
0.000000
0.000000
0.000000
0.000000
0.000000
2.460843
0.194912
0.000000
2.739620
0.000000
0.000000
0.000000
0.000000
1.438452
0.000000
0.000000
0.000000
0.000000
0.000000
0.419606
0.000000
0.000000
0.000000
0.000000
0.000000
0.000000
0.000000
0.000000
0.000000
0.000000
0.000000
0.000000
0.000000
0.000000
0.000000
0.000000
0.000000
0.000000
0.000000
0.000000
0.000000
0.000000
3.722115
14.558610
0.000000
0.000000
0.000000
0.000000
0.000000
0.000000
0.000000
0.000000
0.000000
0.000000
0.000000
0.000000
0.000000
0.000000
0.000000
0.000000
10.790583
0.000000
0.000000
0.000000
0.000000
0.000000
0.000000
4.199709
9.911397
0.000000
0.000000
0.000000
0.000000
0.000000
0.000000
0.000000
0.000000
0.000000
0.000000
0.000000
0.000000
0.000000
0.000000
0.000000
0.000000
0.000000
0.000000
0.000000
0.000000
0.000000
0.000000
0.000000
0.000000
0.000000
0.000000
0.000000
0.000000
3.224321
7.708612
0.000000
0.000000
6.451854
0.000000
0.000000
0.000000
0.000000
0.000000
0.000000
0.000000
0.000000
0.000000
6.212245
0.000000
0.000000
0.000000
0.000000
0.000000
0.000000
0.000000
0.000000
4.913636
0.000000
0.000000
0.000000
0.000000
0.000000
0.000000
0.000000
0.000000
4.662736
0.000000
0.000000
0.000000
0.000000
0.000000
0.000000
0.000000
0.000000
0.000000
4.844311
0.000000
0.000000
0.000000
0.000000
0.000000
0.000000
0.000000
0.000000
0.000000
0.000000
0.000000
0.000000
0.000000
0.428925
5.445662
0.000000
0.000000
0.000000
0.000000
0.000000
0.000000
0.000000
0.000000
0.000000
0.000000
0.000000
2.251854
0.000000
0.000000
0.000000
13.799259
16.064999
0.000000
0.000000
0.000000
0.000000
0.000000
0.000000
0.000000
0.000000
0.000000
0.000000
0.000000
0.000000
0.000000
0.000000
0.000000
0.000000
6.070066
0.000000
0.000000
0.000000
0.000000
0.000000
0.000000
3.203036
6.809949
0.000000
0.000000
0.000000
0.000000
0.000000
0.000000
0.000000
0.000000
0.000000
0.000000
0.000000
0.000000
0.000000
0.000000
0.000000
0.000000
0.000000
0.000000
0.000000
0.000000
0.000000
0.000000
0.000000
0.000000
0.000000
0.000000
0.000000
0.000000
6.569506
8.181362
0.000000
0.000000
2.962958
0.000000
0.000000
0.000000
0.000000
0.000000
0.000000
0.000000
0.000000
0.000000
6.215795
0.000000
1.774187
0.000000
0.000000
0.000000
0.000000
0.000000
0.000000
9.088541
0.000000
0.000000
0.000000
2.349898
0.000000
0.000000
0.000000
0.000000
6.152656
0.000000
0.000000
0.000000
0.000000
0.000000
0.000000
0.000000
0.000000
0.000000
3.429847
0.000000
0.000000
0.000000
0.000000
0.000000
0.000000
0.000000
0.000000
0.000000
0.000000
0.000000
0.000000
0.000000
1.560270
3.470055
0.000000
0.000000
0.000000
0.000000
0.000000
0.000000
0.000000
0.000000
0.000000
0.000000
0.000000
0.000000
0.000000
0.275169
0.000000
10.129738
12.491076
0.000000
0.000000
0.000000
0.000000
0.000000
1.923566
0.000000
0.000000
0.000000
0.000000
0.000000
0.000000
0.000000
1.444252
0.000000
0.000000
7.572988
0.000000
1.717172
0.000000
0.000000
0.000000
0.000000
0.667811
5.653742
0.000000
0.000000
0.000000
0.000000
0.000000
0.000000
0.000000
0.000000
0.000000
0.000000
0.000000
0.000000
0.000000
0.000000
0.000000
0.000000
0.000000
0.000000
0.000000
0.000000
0.000000
0.000000
0.000000
0.000000
0.000000
0.000000
0.000000
0.000000
5.208582
4.265356
0.000000
0.000000
5.700179
0.000000
0.000000
0.000000
0.000000
0.000000
0.000000
0.000000
0.000000
0.000000
2.828189
0.000000
0.000000
0.000000
0.000000
0.000000
0.000000
0.000000
0.000000
9.667249
0.000000
0.000000
0.000000
5.070800
0.000000
0.000000
0.000000
0.000000
5.189827
0.000000
0.000000
0.000000
3.023387
0.000000
0.000000
2.563618
0.000000
0.000000
1.939455
0.000000
0.000000
0.000000
0.000000
0.000000
0.000000
0.000000
0.000000
0.000000
0.000000
0.000000
0.000000
0.000000
0.223684
0.000000
0.000000
0.000000
0.000000
0.000000
0.000000
0.000000
0.000000
0.000000
0.000000
0.000000
0.000000
0.000000
0.000000
4.219222
0.000000
7.031756
17.262054
0.000000
0.000000
0.000000
0.000000
0.000000
2.352523
0.000000
0.000000
0.000000
0.000000
0.000000
0.000000
0.000000
0.000000
0.000000
0.000000
7.297752
0.000000
2.441021
0.000000
0.000000
0.000000
0.000000
1.778061
4.910841
0.000000
0.000000
0.000000
0.000000
0.000000
0.000000
0.000000
0.000000
0.000000
0.000000
0.000000
0.000000
0.000000
0.000000
0.000000
0.000000
0.000000
0.000000
0.000000
0.000000
0.000000
0.000000
0.000000
0.000000
0.000000
0.000000
0.000000
0.000000
5.784016
6.181992
0.000000
0.000000
7.545379
0.000000
0.000000
0.000000
0.000000
0.000000
0.000000
0.000000
0.000000
0.000000
6.335174
0.000000
0.000000
0.000000
0.000000
0.000000
0.000000
0.000000
0.000000
8.036957
0.000000
0.000000
0.000000
1.118009
0.000000
0.000000
0.000000
0.000000
4.185847
0.000000
0.000000
0.000000
0.385992
0.000000
0.000000
0.000000
0.000000
0.000000
5.518610
0.000000
0.000000
0.000000
0.000000
0.000000
3.510915
0.000000
0.000000
0.000000
0.000000
0.000000
0.000000
0.000000
0.000000
3.127472
0.000000
0.000000
0.000000
0.000000
0.000000
0.000000
1.634321
0.000000
0.000000
0.000000
0.000000
0.000000
0.000000
0.000000
0.000000
6.439925
12.067533
0.000000
0.000000
0.000000
0.000000
0.000000
0.000000
0.000000
0.000000
0.000000
0.000000
0.000000
0.000000
0.000000
0.763713
0.000000
0.000000
8.490591
0.000000
0.967058
0.000000
0.000000
0.000000
0.000000
5.282418
2.037471
0.000000
0.000000
0.000000
0.000000
0.000000
0.000000
0.000000
0.000000
0.000000
0.000000
0.000000
0.000000
0.000000
0.000000
0.000000
0.000000
0.000000
0.000000
0.000000
0.000000
0.000000
0.000000
0.000000
0.000000
0.000000
0.000000
0.000000
0.000000
6.443292
6.936980
0.000000
0.000000
9.613111
0.000000
0.000000
0.000000
0.000000
0.000000
0.000000
0.000000
0.000000
0.000000
3.452026
0.000000
0.000000
0.000000
0.000000
0.000000
0.000000
0.000000
0.000000
10.346144
0.000000
0.000000
0.000000
0.558187
0.000000
0.000000
0.000000
0.000000
6.293430
0.000000
0.000000
0.000000
0.000000
0.000000
0.000000
0.000000
0.000000
0.000000
4.467998
0.000000
0.000000
0.000000
0.000000
0.000000
0.000000
0.000000
0.000000
0.000000
0.000000
0.000000
0.000000
0.000000
1.388294
5.638467
0.000000
0.000000
0.000000
0.000000
0.000000
0.000000
1.021704
0.000000
0.000000
0.000000
0.000000
0.000000
0.000000
0.121112
0.000000
10.915721
12.612835
0.000000
0.000000
0.000000
0.000000
0.000000
5.516800
0.000000
0.000000
0.000000
0.000000
0.000000
0.000000
0.000000
0.000000
0.000000
0.000000
7.433722
0.000000
0.901572
0.000000
0.000000
0.000000
0.000000
0.000000
5.764245
0.000000
0.000000
0.000000
0.000000
0.000000
0.000000
0.000000
0.000000
0.000000
0.000000
0.000000
0.000000
0.000000
0.000000
0.000000
0.000000
0.000000
0.000000
0.000000
0.000000
0.000000
0.000000
0.000000
0.000000
0.000000
0.000000
0.000000
0.000000
1.263445
11.470118
0.000000
0.000000
4.551692
0.000000
0.000000
0.000000
0.000000
0.000000
0.000000
0.000000
0.000000
0.000000
2.517792
0.000000
0.000000
0.000000
0.000000
0.000000
0.000000
0.000000
0.000000
7.106770
0.000000
0.000000
0.000000
0.000000
0.000000
0.000000
0.000000
0.000000
5.273974
0.000000
0.000000
0.000000
0.000000
0.000000
0.000000
3.442603
0.000000
0.000000
6.826552
0.000000
0.000000
0.000000
0.000000
0.000000
0.000000
0.000000
0.000000
0.000000
0.000000
0.000000
0.000000
0.000000
1.539761
3.038645
0.000000
0.000000
0.000000
3.190545
0.000000
0.000000
0.000000
0.000000
0.000000
0.000000
0.000000
0.526241
0.522832
0.000000
0.000000
7.725909
11.490649
0.000000
0.000000
0.000000
0.000000
0.000000
2.525239
0.000000
0.000000
0.000000
6.893949
0.000000
0.000000
0.000000
0.000000
0.000000
0.000000
1.815695
0.000000
1.404766
0.000000
0.000000
0.000000
0.000000
2.174566
3.250376
0.000000
0.000000
0.000000
0.000000
0.000000
0.000000
0.000000
4.236445
0.000000
0.000000
0.000000
0.000000
0.000000
0.000000
0.000000
0.000000
0.000000
0.000000
0.000000
0.000000
0.000000
4.256834
0.000000
0.000000
0.000000
0.000000
0.000000
0.000000
2.149096
0.000000
0.000000
0.000000
0.000000
0.000000
0.000000
0.000000
0.000000
0.000000
0.000000
0.000000
0.000000
0.000000
4.113578
4.847752
0.000000
3.941149
0.000000
0.000000
0.000000
0.000000
0.000000
6.126145
0.000000
0.000000
0.000000
0.000000
0.000000
0.000000
0.000000
0.000000
11.204612
0.000000
0.000000
0.000000
0.245614
0.000000
0.000000
0.000000
0.000000
0.000000
6.186530
0.000000
0.000000
0.000000
0.000000
0.000000
1.398029
0.000000
0.000000
0.000000
0.000000
