0.000000
13.625176
0.000000
0.000000
0.000000
0.000000
46.130089
0.000000
0.000000
0.000000
0.000000
0.000000
0.000000
0.000000
0.000000
0.000000
0.000000
0.000000
0.000000
1.034590
0.000000
0.000000
0.000000
1.471124
0.000000
0.000000
0.000000
10.053442
0.000000
15.427859
0.000000
0.000000
0.000000
30.746357
0.000000
27.808147
0.000000
0.000000
31.759521
0.000000
15.358313
0.000000
34.072617
0.000000
0.000000
0.000000
0.000000
0.000000
6.590202
0.000000
0.000000
0.000000
0.000000
0.000000
0.000000
0.000000
0.000000
0.000000
0.000000
0.000000
3.116419
0.000000
6.446064
0.000000
0.000000
0.000000
23.955410
0.000000
0.000000
0.000000
0.000000
0.000000
0.000000
47.036201
0.000000
0.000000
0.000000
0.000000
0.000000
0.000000
0.000000
0.000000
19.772884
0.000000
0.000000
0.000000
0.000000
0.000000
0.000000
0.000000
0.000000
0.000000
0.000000
0.000000
0.000000
0.000000
31.502825
0.000000
0.000000
43.885147
0.000000
21.418674
0.000000
0.000000
0.000000
0.000000
0.000000
0.000000
0.000000
0.000000
0.000000
0.000000
0.000000
0.000000
0.168679
0.000000
0.000000
0.000000
0.000000
0.000000
0.000000
47.505703
0.000000
0.000000
0.000000
38.144386
0.000000
0.000000
