0.094623
0.000000
0.000000
0.000000
0.450320
0.000000
0.000000
0.000000
0.000000
0.000000
2.374671
0.188653
0.000000
0.000000
0.000000
9.470592
0.000000
4.606332
3.755032
1.230662
0.000000
0.000000
0.000000
0.000000
1.033386
9.082019
0.000000
0.000000
0.000000
0.000000
0.000000
0.000000
0.000000
4.950850
0.000000
6.025422
0.000000
0.000000
15.293616
0.000000
0.000000
1.062509
0.000000
5.151827
0.000000
3.108009
0.739662
0.000000
3.477334
0.000000
7.891596
0.000000
0.000000
0.010682
0.000000
0.000000
0.000000
0.000000
0.000000
0.000000
0.000000
0.000000
0.000000
0.000000
3.122586
0.000000
0.000000
5.350909
0.000000
0.518881
0.000000
5.227385
0.573064
0.929579
0.000000
0.694387
2.664034
0.000000
0.000000
0.000000
0.000000
0.000000
0.000000
0.000000
0.000000
0.000000
0.000000
0.000000
5.335847
0.000000
0.000000
1.590694
6.119692
0.000000
0.000000
0.000000
0.000000
0.000000
0.000000
4.034061
0.000000
4.514484
0.000000
0.000000
0.000000
0.000000
11.988662
0.000000
6.924051
1.770448
0.000000
0.000000
0.000000
0.000000
0.000000
1.799754
0.903608
0.000000
0.000000
0.000000
2.946720
0.000000
0.000000
0.000000
11.503944
0.000000
0.000000
0.000000
8.105208
0.000000
0.910079
0.000000
2.568341
0.000000
0.000000
0.000000
0.000000
0.000000
1.888029
2.913390
0.000000
0.000000
0.000000
6.332408
0.000000
3.617817
4.395978
0.000000
0.000000
0.000000
0.000000
0.000000
1.884804
8.557517
2.618134
0.000000
0.000000
0.000000
0.000000
0.000000
0.000000
1.753549
0.000000
0.000000
0.000000
0.000000
11.293880
0.000000
0.000000
0.000000
0.000000
0.000000
0.000000
5.165545
0.000000
0.000000
0.062359
0.000000
5.836843
0.000000
0.000000
0.000000
0.435754
0.000000
0.000000
0.000000
0.000000
0.000000
0.000000
0.000000
0.000000
0.000000
5.679439
0.000000
0.000000
7.718461
0.000000
0.000000
0.000000
4.782954
2.077343
3.190013
0.000000
0.086946
0.000000
0.000000
0.000000
0.000000
0.000000
0.000000
0.000000
0.000000
0.000000
0.000000
0.000000
0.000000
2.270840
0.000000
0.000000
2.156519
4.942154
0.000000
0.000000
0.000000
0.000000
0.000000
0.000000
9.835318
0.000000
0.000000
0.000000
0.000000
0.000000
0.000000
2.447442
0.000000
5.607617
3.879574
0.000000
0.000000
0.000000
0.000000
0.000000
0.000000
0.000000
0.000000
0.000000
0.000000
0.000000
0.000000
0.000000
0.000000
7.435699
0.000000
0.000000
0.000000
4.295200
0.000000
0.000000
0.000000
4.506060
0.000000
0.000000
0.000000
0.000000
0.000000
3.402558
2.332072
0.000000
0.000000
0.000000
7.364843
2.283982
5.672742
2.428149
0.000000
0.000000
0.000000
0.000000
0.000000
1.926677
6.872771
0.000000
0.000000
0.000000
0.802095
0.000000
0.000000
0.000000
3.650601
0.000000
0.000000
0.000000
0.000000
10.377387
0.000000
0.000000
0.000000
0.000000
0.000000
0.000000
7.058469
0.704444
0.000000
1.434378
0.000000
6.831093
0.000000
0.000000
0.000000
0.000000
0.000000
0.000000
0.000000
0.000000
0.000000
0.000000
0.000000
0.000000
0.000000
1.220701
0.000000
0.000000
5.344062
0.000000
0.000000
0.000000
0.306937
4.302840
3.217695
0.000000
1.823434
0.000000
0.000000
0.000000
0.000000
0.000000
0.000000
0.000000
0.000000
0.000000
0.000000
0.000000
0.000000
0.000000
0.000000
0.000000
0.000000
7.506806
0.000000
0.000000
0.000000
0.000000
0.105707
0.000000
5.228198
0.000000
0.000000
0.000000
0.000000
0.000000
0.000000
5.696982
0.000000
2.614860
0.635814
0.000000
0.000000
0.000000
0.000000
0.000000
2.264540
0.000000
0.000000
0.000000
0.000000
2.933942
0.000000
2.282170
0.265936
4.094679
0.000000
0.000000
0.000000
5.289887
0.000000
0.000000
1.565629
0.000000
0.000000
0.000000
4.997594
0.000000
0.000000
3.928746
0.728802
0.000000
0.000000
0.000000
5.314668
4.987847
10.325751
2.058369
0.000000
0.410815
0.000000
0.000000
0.000000
2.149512
4.206741
3.677963
0.000000
0.000000
0.000000
0.000000
0.000000
0.000000
1.483227
0.000000
0.000000
0.000000
0.000000
10.581946
0.000000
0.000000
1.933693
0.000000
0.000000
0.000000
6.031190
0.000000
0.000000
0.000000
0.000000
7.114189
0.000000
0.000000
0.000000
2.993059
0.000000
0.000000
0.000000
0.000000
0.000000
0.000000
0.000000
0.000000
0.000000
1.852819
0.000000
0.000000
3.177834
1.504227
0.000000
0.777922
2.665201
2.882150
4.472971
2.961056
1.851673
0.000000
0.000000
0.000000
0.000000
0.000000
0.000000
0.000000
0.000000
0.000000
0.000000
0.000000
0.000000
0.000000
0.000000
4.947805
2.197209
5.860377
0.000000
0.000000
0.000000
0.000000
0.000000
0.000000
4.967403
0.000000
0.000000
0.000000
0.000000
0.000000
0.000000
1.638022
1.750076
4.444740
0.000000
0.000000
0.000000
0.000000
0.000000
0.000000
2.902517
0.000000
0.000000
0.000000
0.000000
1.097652
0.000000
0.000000
1.604378
4.107641
0.000000
0.000000
0.000000
0.787792
0.000000
0.000000
0.000000
0.363457
0.000000
0.000000
0.000000
0.000000
0.000000
0.000000
3.311414
0.000000
0.000000
0.494862
11.369331
1.779439
0.000000
0.000000
0.000000
0.772474
5.825601
0.000000
0.000000
0.000000
4.628151
0.000000
0.000000
0.000000
0.000000
0.000000
0.000000
0.000000
0.000000
0.000000
1.017425
0.000000
0.000000
14.337026
0.000000
0.000000
4.341039
0.000000
3.379761
0.000000
1.910073
2.473022
0.000000
6.025205
0.000000
0.000000
0.000000
0.000000
6.906873
0.000000
0.000000
0.000000
0.000000
0.000000
0.000000
0.000000
0.000000
0.000000
0.000000
0.000000
0.000000
0.000000
2.732207
0.000000
2.497656
0.000000
1.228364
0.000000
0.000000
0.000000
3.797008
7.722223
0.000000
0.000000
3.934684
0.000000
0.000000
0.000000
0.000000
0.000000
0.000000
0.000000
0.000000
0.000000
0.000000
0.000000
0.000000
6.252187
0.000000
0.000000
0.000000
0.000000
0.000000
0.000000
5.133235
0.000000
3.676431
0.000000
0.000000
0.000000
0.000000
9.188386
0.000000
4.918686
1.121518
0.000000
0.000000
0.000000
0.000000
0.000000
0.000000
0.000000
0.000000
0.000000
0.000000
0.000000
0.000000
0.000000
2.053797
0.000000
2.632666
0.000000
0.000000
2.599609
0.000000
0.000000
0.000000
4.616558
0.000000
0.000000
0.000000
0.000000
0.000000
0.000000
0.338656
0.000000
0.000000
0.000000
7.078387
0.000000
0.000000
2.915862
0.000000
0.000000
0.000000
0.000000
0.000000
0.000000
6.911598
0.000000
0.000000
0.000000
0.000000
0.000000
0.000000
0.000000
0.000000
0.000000
0.000000
0.000000
0.000000
15.029279
0.000000
0.000000
0.000000
0.000000
0.000000
0.000000
8.056414
0.000000
0.000000
2.141657
0.000000
0.000000
0.000000
0.000000
0.000000
3.982181
0.000000
0.000000
0.000000
0.000000
0.000000
0.000000
0.000000
0.000000
0.000000
0.000000
0.000000
0.000000
4.738130
0.000000
0.000000
0.000000
11.208467
0.000000
3.967446
0.000000
6.851679
2.698961
0.000000
0.000000
7.285335
0.000000
0.000000
0.000000
0.000000
0.000000
0.000000
0.000000
0.000000
1.014832
0.000000
0.000000
1.742505
11.022519
0.000000
0.000000
0.000000
0.000000
0.000000
0.000000
5.469388
0.000000
0.000000
0.000000
0.000000
0.000000
0.000000
11.640830
3.725133
2.114549
0.000000
0.000000
0.000000
0.000000
0.000000
0.000000
0.000000
0.000000
0.000000
0.000000
0.000000
0.000000
0.000000
0.000000
0.000000
0.000000
0.000000
0.000000
0.000000
2.745149
0.000000
0.000000
0.000000
0.595202
0.000000
0.000000
0.000000
0.000000
0.000000
0.000000
1.675655
0.000000
0.000000
0.010614
8.001919
4.800086
0.371438
5.433750
0.000000
0.000000
0.271755
0.000000
0.000000
0.000000
4.972121
0.000000
0.000000
0.000000
0.341289
0.000000
0.000000
0.000000
0.000000
0.000000
0.000000
0.000000
0.000000
11.066348
0.000000
0.000000
0.508123
0.000000
0.000000
0.000000
5.403029
0.000000
0.000000
1.089571
0.000000
0.000000
0.000000
0.000000
0.000000
0.000000
0.000000
0.000000
0.000000
0.000000
0.000000
0.000000
0.585054
0.000000
0.000000
0.000000
0.000000
0.000000
2.974017
0.000000
0.000000
0.000000
5.888215
0.000000
3.509144
0.000000
4.557342
2.351056
0.000000
0.000000
0.000000
0.000000
0.000000
0.000000
0.000000
0.000000
0.000000
0.000000
0.000000
0.524071
0.000000
0.000000
2.106022
5.369418
0.000000
0.000000
0.000000
0.000000
0.000000
0.000000
8.059846
0.000000
0.000000
0.000000
0.000000
0.000000
0.000000
2.420986
0.000000
3.639649
0.000000
0.000000
0.000000
0.000000
0.000000
0.000000
0.000000
0.000000
0.000000
0.000000
0.000000
0.000000
0.000000
0.000000
0.000000
0.000000
0.000000
0.000000
0.955600
5.137002
0.000000
0.456954
0.000000
0.000000
0.000000
0.000000
0.000000
0.000000
0.000000
0.000000
1.158497
0.000000
0.000000
0.000000
4.287823
3.994794
9.959541
6.291351
0.000000
0.000000
0.000000
0.000000
0.000000
0.000000
0.729690
1.610114
0.000000
0.000000
0.000000
0.000000
0.000000
0.000000
0.000000
0.000000
0.000000
0.000000
0.000000
12.260163
0.000000
0.000000
0.253324
0.000000
0.000000
0.000000
6.450923
0.000000
0.071654
0.000000
0.000000
0.000000
0.000000
0.000000
0.000000
4.393336
0.000000
0.000000
0.000000
0.000000
0.000000
0.000000
0.000000
0.000000
0.000000
0.000000
0.000000
0.000000
3.568434
3.299758
0.000000
0.051310
3.996780
0.000000
3.715166
6.318886
6.789945
0.000000
0.000000
0.000000
0.000000
0.000000
1.204260
0.000000
0.000000
0.000000
0.000000
0.000000
0.000000
0.000000
0.000000
4.136512
0.000000
4.515437
0.000000
0.000000
0.000000
0.000000
0.000000
0.000000
5.418567
0.000000
0.000000
0.000000
0.000000
0.000000
0.000000
0.000000
0.291652
0.000000
0.000000
0.000000
0.000000
0.000000
0.000000
0.000000
0.000000
0.000000
0.000000
0.000000
0.000000
0.000000
0.000000
0.000000
1.210683
0.000000
0.000000
0.000000
0.000000
0.000000
0.000000
0.000000
0.000000
1.194592
0.963966
0.000000
0.000000
0.000000
0.000000
0.000000
2.114470
0.000000
0.000000
0.706021
9.952260
0.000000
0.000000
5.267770
0.000000
3.298122
4.339077
0.000000
0.000000
0.000000
3.288764
0.000000
0.000000
0.000000
0.000000
0.000000
0.000000
0.000000
0.000000
0.000000
0.112314
0.000000
0.000000
11.065810
0.000000
0.000000
0.000000
0.000000
1.941935
0.000000
0.000000
5.190742
0.000000
0.000000
0.055803
0.000000
0.000000
0.000000
1.503463
0.000000
0.000000
0.000000
0.000000
0.000000
0.000000
0.000000
1.445828
0.000000
0.000000
0.000000
0.000000
0.000000
0.714115
0.000000
0.000000
0.000000
0.000000
0.000000
5.096940
0.000000
4.430039
8.861210
0.000000
0.000000
5.766336
0.000000
0.000000
0.000000
0.000000
0.000000
0.000000
0.000000
0.000000
1.574932
0.000000
0.000000
0.000000
0.000000
0.000000
0.000000
0.000000
0.000000
0.000000
0.000000
1.954036
0.000000
7.850939
0.000000
0.000000
0.000000
0.000000
8.949526
0.000000
6.212234
0.000000
0.000000
0.686937
0.000000
0.000000
0.000000
0.000000
0.000000
0.000000
0.000000
0.180669
0.102037
0.000000
0.000000
0.000000
0.000000
0.000000
0.000000
0.000000
3.345871
0.000000
0.000000
0.000000
0.325468
0.000000
0.000000
0.000000
0.000000
0.000000
0.000000
2.935542
0.000000
0.000000
0.000000
6.981668
0.000000
0.000000
8.947930
0.000000
0.000000
0.000000
0.000000
0.000000
0.000000
4.644192
0.000000
0.000000
0.000000
0.000000
0.000000
0.000000
0.000000
0.000000
0.000000
0.000000
0.000000
0.000000
15.624991
0.000000
0.000000
0.000000
0.000000
0.000000
0.000000
6.804687
0.000000
0.000000
0.000000
0.000000
0.000000
0.000000
0.000000
0.000000
1.570870
0.000000
0.000000
0.000000
0.000000
0.000000
0.000000
1.778970
0.000000
0.000000
0.000000
0.000000
0.000000
6.500171
0.000000
0.000000
0.000000
0.000000
0.000000
4.736621
0.000000
5.897359
0.301037
0.000000
0.000000
7.386632
0.000000
0.000000
0.000000
0.000000
0.000000
0.000000
0.000000
0.000000
0.000000
0.000000
0.000000
0.096813
3.995079
0.000000
0.000000
0.000000
0.000000
0.000000
0.000000
8.765938
0.000000
0.000000
0.000000
0.000000
0.000000
0.000000
5.598534
0.000000
1.114707
0.000000
0.000000
0.000000
0.000000
0.000000
0.000000
0.000000
0.000000
0.000000
0.000000
0.000000
0.000000
0.000000
0.000000
0.000000
0.000000
0.000000
0.000000
0.000000
7.187248
0.000000
0.000000
0.000000
3.121347
0.000000
0.000000
0.000000
0.000000
0.000000
0.000000
0.701289
0.000000
0.000000
0.220690
11.534943
6.114177
0.000000
6.462689
0.000000
1.475828
0.257070
0.000000
2.713068
0.000000
9.001075
0.000000
0.000000
0.000000
0.000000
0.000000
0.000000
0.000000
0.000000
0.000000
0.000000
0.000000
0.000000
12.080852
0.000000
0.000000
4.650614
0.000000
0.000000
0.000000
10.607592
0.000000
0.000000
0.000000
0.000000
0.000000
0.000000
0.000000
0.000000
0.000000
0.000000
0.000000
0.000000
0.000000
0.000000
0.000000
0.000000
0.000000
0.000000
0.000000
0.000000
0.000000
3.667223
0.000000
0.000000
0.000000
2.692538
0.000000
0.214668
0.000000
7.114572
2.099466
0.000000
0.000000
0.000000
0.000000
0.000000
0.000000
0.000000
0.000000
0.000000
0.000000
0.000000
0.000000
0.000000
0.000000
6.084368
10.939122
0.000000
0.000000
0.000000
0.000000
0.000000
0.000000
8.886677
0.000000
0.000000
0.000000
0.000000
0.000000
0.000000
0.000000
0.000000
3.015940
0.000000
0.000000
0.000000
0.000000
0.000000
0.000000
0.000000
0.000000
0.000000
0.000000
0.000000
0.786272
0.000000
0.000000
2.975868
0.000000
0.000000
0.000000
5.266197
8.793509
0.000000
1.882854
0.000000
0.000000
0.000000
0.000000
0.000000
0.000000
0.000000
0.000000
5.828348
0.000000
0.000000
0.000000
5.565620
4.412782
15.353189
7.440508
0.000000
0.000000
4.403356
0.000000
0.000000
1.396774
2.575406
0.971803
0.000000
0.000000
0.000000
0.000000
0.000000
0.000000
0.000000
0.000000
0.000000
0.000000
1.251212
7.852818
0.000000
0.000000
0.000000
0.000000
0.000000
0.000000
5.157570
0.000000
0.000000
0.000000
0.000000
0.000000
0.000000
0.000000
0.000000
9.607412
0.000000
0.000000
0.000000
0.000000
0.000000
0.000000
0.000000
0.000000
0.000000
0.000000
0.000000
0.000000
3.154963
2.049525
0.000000
0.000000
2.273689
0.000000
1.651182
0.722800
10.041332
0.000000
0.000000
0.000000
0.000000
0.000000
0.000000
0.000000
0.000000
0.000000
0.000000
0.000000
0.000000
3.857613
0.000000
0.000000
4.805541
10.094457
0.000000
0.000000
0.000000
0.000000
0.000000
0.000000
0.428305
0.000000
2.476766
0.000000
0.000000
0.000000
0.000000
3.106858
3.760747
0.495153
0.000000
0.000000
0.000000
0.000000
0.000000
0.000000
0.000000
0.000000
0.000000
0.000000
0.000000
0.000000
0.000000
0.000000
1.432419
0.000000
0.000000
0.000000
0.575472
2.207751
0.000000
0.000000
0.000000
3.073718
3.006656
0.000000
0.000000
0.000000
0.000000
0.000000
0.000000
1.036464
0.000000
0.000000
7.301250
0.000000
0.000000
3.843323
0.000000
3.722115
14.558610
0.000000
0.472878
0.000000
3.825385
0.000000
0.000000
0.000000
0.000000
0.000000
0.000000
0.000000
0.000000
0.000000
0.000000
0.000000
0.000000
10.790583
0.000000
0.000000
0.000000
0.000000
0.000000
0.000000
4.199709
9.911397
0.000000
0.000000
0.757495
0.000000
0.000000
0.000000
3.449664
0.000000
0.000000
0.000000
0.000000
0.000000
0.000000
0.000000
1.807861
0.000000
0.000000
0.000000
0.000000
0.000000
0.000000
0.000000
0.000000
0.000000
3.683817
0.000000
2.858151
0.000000
3.224321
12.144625
0.000000
0.000000
11.252955
0.000000
0.000000
0.000000
0.000000
0.000000
0.000000
2.343405
0.000000
0.000000
6.212245
0.000000
0.000000
1.261588
0.000000
0.000000
0.000000
0.000000
0.000000
4.913636
5.389413
0.000000
13.115778
0.000000
0.000000
0.000000
0.000000
8.151526
4.662736
8.683160
0.000000
0.000000
2.460843
0.194912
0.000000
2.739620
0.000000
0.000000
4.844311
0.000000
1.438452
0.000000
0.000000
0.000000
0.000000
0.000000
0.731795
0.000000
0.000000
6.904204
0.000000
0.000000
1.560270
5.445662
0.000000
0.000000
0.000000
0.000000
0.000000
0.000000
4.572379
0.000000
0.000000
0.000000
10.453199
2.251854
0.000000
0.275169
0.000000
13.799259
16.064999
0.000000
0.000000
0.000000
6.789340
0.000000
1.923566
0.000000
0.641224
0.000000
0.000000
0.000000
0.000000
0.000000
1.444252
0.000000
0.000000
14.425267
0.000000
1.717172
0.245780
0.000000
0.000000
0.000000
3.203036
6.809949
0.000000
0.000000
0.000000
0.000000
0.000000
0.000000
0.000000
0.000000
0.000000
0.000000
0.000000
0.000000
0.000000
0.000000
0.000000
0.000000
0.000000
0.955412
0.000000
0.000000
0.000000
0.000000
0.000000
0.000000
0.000000
0.000000
0.000000
0.000000
6.569506
8.181362
0.000000
0.000000
5.700179
0.000000
0.000000
0.000000
0.000000
0.000000
0.000000
0.000000
0.000000
0.000000
6.215795
0.000000
5.991388
11.792170
0.000000
0.000000
0.000000
0.000000
0.000000
9.667249
3.062841
0.000000
0.000000
5.070800
0.000000
0.000000
0.000000
0.000000
6.152656
3.954025
0.000000
0.000000
3.023387
0.000000
0.000000
2.563618
0.000000
0.000000
3.429847
0.000000
0.000000
0.000000
0.000000
0.000000
0.000000
0.000000
0.000000
0.000000
0.000000
7.150628
0.000000
0.104247
0.223684
3.127472
0.000000
0.000000
0.000000
0.000000
0.000000
0.000000
1.634321
0.000000
0.000000
0.000000
10.708746
7.418998
0.000000
4.219222
0.000000
7.031756
17.262054
0.000000
0.000000
0.000000
4.392458
0.000000
2.352523
0.000000
0.000000
0.000000
0.000000
0.000000
0.000000
0.000000
0.763713
0.000000
0.000000
8.490591
0.000000
2.441021
1.220042
0.000000
0.000000
0.000000
5.282418
4.910841
0.000000
0.000000
0.000000
0.000000
0.000000
0.000000
0.000000
0.000000
0.000000
0.000000
0.000000
0.000000
0.000000
0.000000
0.000000
0.000000
0.000000
1.094224
0.000000
0.000000
2.228420
0.000000
0.000000
0.000000
6.561096
0.000000
1.880579
0.000000
6.443292
6.936980
0.000000
0.000000
9.613111
0.000000
0.000000
0.000000
0.000000
0.000000
0.000000
0.000000
0.000000
0.000000
6.335174
0.000000
0.000000
8.473060
0.000000
0.000000
0.000000
0.000000
0.000000
10.346144
7.256968
0.000000
0.000000
1.118009
0.000000
0.000000
0.000000
0.659871
6.293430
0.000000
0.000000
0.000000
0.385992
0.000000
0.000000
0.000000
0.000000
0.000000
5.518610
0.000000
0.000000
0.000000
0.000000
0.000000
3.510915
0.000000
0.000000
0.000000
0.000000
4.127552
0.000000
0.000000
1.539761
5.638467
0.000000
0.000000
0.000000
3.190545
0.000000
0.000000
1.021704
0.000000
0.000000
0.000000
8.106715
2.670465
6.525940
0.121112
0.000000
10.915721
12.612835
0.000000
0.000000
0.000000
0.000000
0.000000
5.516800
0.000000
0.000000
0.000000
6.893949
0.000000
0.000000
0.000000
0.000000
0.000000
0.000000
9.408859
0.000000
1.404766
0.258097
0.000000
0.000000
0.000000
6.584324
5.764245
0.000000
0.000000
0.000000
1.223431
0.000000
0.000000
0.000000
4.236445
0.000000
0.000000
0.000000
0.000000
0.000000
0.000000
0.000000
0.000000
0.000000
0.000000
0.000000
0.000000
0.762938
4.624892
0.000000
0.000000
5.857217
0.000000
0.000000
0.000000
3.823245
11.470118
0.000000
0.000000
4.551692
0.000000
0.000000
0.000000
0.000000
0.000000
0.000000
0.000000
0.000000
0.000000
4.113578
4.847752
1.340179
9.357337
0.000000
0.000000
0.000000
0.000000
0.000000
7.106770
4.092965
0.000000
0.000000
0.000000
0.000000
3.878755
0.000000
0.125394
11.204612
0.000000
0.000000
0.000000
0.245614
0.000000
0.000000
3.442603
0.000000
0.000000
6.826552
0.000000
0.000000
0.000000
0.000000
0.000000
2.125957
0.000000
0.000000
0.000000
0.000000
