0.254647
0.487481
0.147419
0.441157
0.513945
0.185915
1.556821
0.698546
0.694488
0.411470
1.270204
1.011873
1.091758
0.177032
1.369100
0.315372
0.614872
0.500054
1.820972
0.123142
0.000000
0.473637
0.268917
0.553254
1.663852
1.102859
0.000000
0.804091
1.399836
1.318889
1.241988
0.118633
0.214214
0.938861
1.388859
0.322478
0.437338
1.684184
0.437132
1.074661
0.967976
1.626534
1.166799
1.184083
1.426689
1.344400
1.402589
1.468377
2.081851
0.510505
0.289093
0.964775
0.251890
0.968727
1.175782
0.983335
2.328866
0.801505
0.194663
0.817247
0.541691
1.229037
1.121340
2.509762
0.000000
1.174673
0.898865
1.177765
0.450227
0.873289
0.185491
0.710719
1.414049
0.111354
0.167630
1.146204
0.822803
0.965070
0.389189
0.415835
0.191326
1.735796
0.641112
0.018855
0.727364
0.359680
0.000000
1.088686
0.053725
1.794498
0.612962
0.391772
0.486370
2.207834
0.688745
0.657179
0.539083
1.023933
1.365061
0.647145
0.578504
0.436887
0.430185
1.384933
0.972734
1.056800
1.127529
0.370597
1.379324
0.145474
0.835432
0.483900
0.964401
0.000000
0.496505
0.512600
0.729796
0.822114
0.000000
0.000000
0.148785
0.321349
0.336696
0.573024
0.000000
0.171404
0.275195
0.724649
0.885200
1.104278
1.070253
0.000000
0.000000
0.776698
0.396800
0.995026
1.797393
1.172548
0.234517
0.284878
0.924484
1.453053
0.571822
0.944014
0.581664
0.771424
0.000000
0.461628
0.818954
0.472120
0.216576
0.321773
0.924423
1.125989
0.177864
0.164370
0.703141
1.559542
0.189603
1.965079
0.486933
0.826068
0.250546
0.528232
0.000000
1.258748
0.764184
0.805822
0.507723
0.654873
0.210286
0.583822
0.000000
0.477740
0.432389
0.187909
0.294272
0.944961
0.499874
0.205172
0.053941
0.474760
0.274203
0.719094
0.946192
0.657521
0.000000
0.664814
0.525160
1.952392
1.127637
0.346806
0.307101
0.049584
0.858628
0.244900
0.377118
1.065138
1.639106
0.448401
0.250056
0.441604
1.636566
0.505196
1.342112
0.384706
0.603905
0.933345
0.425816
0.461456
0.793362
0.203889
0.553125
1.653843
0.145347
0.241258
1.365264
0.384673
0.311931
0.057719
0.850333
1.023346
0.637675
0.251007
0.771661
1.056710
1.390999
0.470102
0.000000
1.377228
0.347000
1.925151
0.886155
0.729953
1.594357
1.133444
0.597210
1.769633
0.622790
2.056688
0.921420
0.938415
0.188902
0.801153
1.022401
0.200088
0.327585
1.011745
0.886204
0.334453
0.198360
0.851962
1.578816
1.469383
0.791101
0.643718
0.324666
0.740155
0.000000
1.593919
0.297895
0.000000
0.661112
0.000000
0.192567
0.088509
0.000000
0.141475
0.857457
0.132264
0.000000
0.000000
0.000000
0.108954
0.229940
0.181833
1.299096
0.397742
0.421142
0.589481
0.587398
1.189806
0.366713
0.410584
1.382603
1.561498
0.375981
0.700856
0.454667
0.777326
0.501126
0.563064
0.827630
1.260223
0.447801
1.154044
0.440075
0.351634
0.683460
0.000000
0.991155
0.264670
0.000000
0.510328
0.398059
0.505617
0.000000
0.410260
1.688402
0.681959
0.000000
0.262588
1.380836
0.609902
0.994113
0.000000
0.017596
0.585167
0.451833
0.105006
0.000000
0.191393
0.092916
0.892868
0.089593
0.079211
0.666912
0.510727
0.434182
0.098613
0.000000
0.287675
0.336503
0.773623
0.000000
1.038046
0.185390
0.759526
0.248903
0.159777
0.451847
0.730388
0.227221
0.476238
1.164983
0.594397
0.000000
0.423523
0.511014
0.226932
0.669573
0.546085
0.341977
0.785516
0.306007
0.000000
0.339956
1.014118
0.288739
1.293707
0.600743
0.440431
0.520853
0.000000
0.286449
0.906474
0.383346
0.385953
0.911736
0.550248
0.000000
0.666323
0.473164
0.393375
0.000000
0.727217
1.724733
0.795830
0.334612
0.177315
0.269248
0.671043
0.155664
0.336723
0.000000
0.654106
0.000000
1.096624
0.088317
1.171722
1.154289
1.108638
0.503515
0.633150
1.032014
1.011389
0.224427
0.639934
1.164606
0.288377
1.529045
1.379521
1.210546
0.000000
0.253916
0.808954
0.417683
0.306861
1.461527
1.066053
0.165482
1.727945
0.959020
0.718308
0.406025
0.671384
0.521870
1.289985
0.437357
0.357084
0.000000
0.915202
0.294291
0.605578
1.710843
0.489471
0.074172
0.692289
0.993018
1.596769
0.049907
1.571353
0.193853
1.838929
0.202975
0.295295
0.108569
0.749415
0.585113
1.213566
0.697531
0.858696
0.000000
0.927859
1.512560
0.900130
0.000000
0.441092
0.805267
0.239180
0.313039
0.425796
0.215470
0.495252
0.996146
1.195741
0.204369
1.259051
2.163482
0.369547
0.565255
0.820589
1.029523
0.677396
1.059219
0.265031
1.070220
0.000000
0.369797
0.640115
0.000000
0.000000
0.000000
0.642581
0.546941
0.460238
0.083650
1.018612
0.023671
1.237526
0.554755
0.717893
0.609983
1.124742
0.065550
0.526907
1.858487
0.000000
0.714996
0.000000
0.000000
0.655795
0.945030
1.625203
0.360821
1.447035
0.375852
0.716247
0.200561
0.000000
0.613764
0.225189
0.540007
1.224337
1.035375
0.537484
0.299039
0.477287
1.693946
1.601526
0.383203
0.109659
0.132967
0.566707
0.381015
0.578347
0.479612
0.056262
0.907878
0.923907
0.617684
0.775442
0.727418
0.909486
0.287814
0.602175
1.023903
0.870424
0.643373
0.279365
0.977351
0.063005
0.580611
0.662362
0.000000
0.480392
0.403182
1.101531
1.142087
0.167305
0.603142
0.746213
0.000000
1.307702
0.717107
0.565784
0.099369
0.516074
0.000000
0.421954
0.268594
0.771580
0.561291
0.340391
0.484611
0.586629
1.288605
1.183507
0.572127
1.175926
1.230049
0.470655
0.094035
0.452912
0.141492
1.150168
0.211194
0.812751
1.521410
0.290840
0.000000
0.529533
1.049635
1.308685
1.034130
0.155874
0.542082
1.671540
0.438477
0.036842
0.918774
0.930195
0.763363
0.936028
1.137058
0.000000
0.000000
0.489142
0.374403
1.155098
0.607215
0.707942
0.449699
1.637058
0.565518
0.621623
0.000000
0.000000
0.531113
0.988039
3.660258
0.969294
0.000000
1.279214
1.663302
1.958199
0.894210
0.000000
0.000000
1.228502
1.194487
0.175951
0.762937
1.446782
0.896104
1.731699
1.015703
0.564978
1.826806
1.060684
0.966458
0.592466
0.764031
0.978036
1.576396
1.709678
1.721332
0.423831
0.491495
1.583082
0.517475
0.578644
2.004334
1.268087
0.000000
1.968751
0.000000
1.541015
1.987507
1.015862
0.108194
0.000000
0.732853
0.651991
0.000000
1.452682
0.000000
1.636590
0.992990
0.000000
0.900037
0.975142
0.214503
0.961035
0.967733
0.949111
0.847420
0.926117
1.221864
1.003734
0.485443
0.952333
0.033457
1.804387
1.197956
1.370329
0.000000
0.761468
1.471664
0.133644
1.938480
0.000000
0.000000
0.674191
1.277773
0.806677
0.811814
0.521226
1.236286
1.535500
0.770793
0.905407
1.011667
0.293744
0.819711
0.719909
1.257209
0.442773
0.000000
0.673677
0.025154
0.712432
1.787659
0.830742
0.000000
0.016507
1.548424
0.964044
0.758863
0.000000
1.537206
0.000000
0.980371
0.685850
0.925283
0.478722
0.534361
0.798785
0.292685
0.756725
1.062238
0.792479
1.355923
1.309963
0.000000
0.020544
0.416672
1.751962
0.166938
1.821700
0.047870
0.751902
0.973115
0.698506
1.310426
0.415503
0.000000
1.690461
0.608697
1.212654
0.000000
0.556732
1.391508
1.977454
0.576841
1.515448
0.000000
0.321605
0.866856
0.000000
0.382591
1.213746
0.694191
1.592419
0.613840
1.785185
2.103099
0.755204
0.004982
0.833697
1.390106
1.572121
1.200873
1.248023
1.347769
0.339005
1.215760
1.859692
0.193841
0.614820
0.536732
0.588507
0.538037
0.827742
0.000000
0.000000
0.807294
1.085374
1.029048
0.103335
0.901839
0.375891
0.000000
0.000000
0.615644
0.109865
0.944744
0.446137
0.000000
1.093995
1.223558
0.690471
0.389819
0.369522
0.000000
1.568906
0.000000
0.704423
0.227061
0.802592
0.307001
0.881347
0.000000
0.766613
0.450998
0.867888
1.965132
0.396160
0.327114
0.823998
0.644171
0.850120
0.682451
0.186460
0.469776
0.218140
0.871088
0.556927
0.476897
0.233294
0.995803
0.096743
0.917391
0.042768
0.565604
0.602115
0.213748
0.000000
0.585984
0.058311
0.665862
0.394499
0.000000
0.591361
0.386037
0.158626
0.172934
0.791267
0.638343
0.624197
0.122793
0.622678
0.135203
0.619343
0.402808
0.851299
0.406995
0.354605
0.735674
0.824677
0.209885
0.616013
0.669978
0.724876
0.425453
0.739002
0.450275
1.317231
1.444347
0.630130
0.728788
0.012303
0.713166
1.377408
0.252155
0.633046
1.072698
0.715002
0.537301
0.589721
0.000000
0.214878
0.000000
1.072680
0.881448
0.943820
1.000420
0.241333
0.186913
0.000000
0.000000
0.277818
0.612405
0.418182
0.288642
0.000000
0.869965
0.793214
0.417594
0.172587
1.015774
0.000000
0.366016
0.036211
0.209734
0.000000
0.380791
1.244744
0.283402
0.400228
0.000000
1.022919
1.072701
2.142956
1.073922
0.460170
0.012654
0.858718
0.000000
0.402820
0.754896
1.301168
1.030013
1.624854
0.634905
0.751555
1.525732
1.027237
0.687295
1.189302
0.274390
0.584478
1.654224
0.237848
1.824118
0.469300
0.980920
0.594219
0.101609
0.520137
1.726156
1.239302
0.000000
0.776480
0.000000
1.316920
0.503103
0.000000
0.000000
0.247218
0.277907
0.952547
0.033657
1.183296
1.121457
0.671847
0.886822
0.416795
0.000000
1.194403
0.000000
0.584479
0.955879
1.961828
0.596050
1.683828
0.421314
0.409463
0.350010
0.000000
0.613316
0.775723
2.236954
1.366394
0.000000
1.313501
0.512231
0.097275
1.520115
0.395042
0.550352
0.802815
0.881754
0.508281
0.049760
1.073574
1.450979
0.732430
0.130294
0.886478
0.240416
0.414743
0.438167
1.445058
0.290125
0.857826
0.360329
0.877201
0.360785
0.559355
1.228839
1.067939
0.218761
0.601512
1.012307
0.705089
0.056216
0.750413
0.333222
1.827578
1.156673
0.747571
0.000000
0.780148
0.762509
0.041948
0.221807
1.026768
0.365829
0.583948
1.024079
0.472025
0.423252
1.082946
0.723714
0.511992
0.475833
1.113345
0.164595
1.118254
0.402889
0.250483
0.608020
0.000000
0.000000
0.324834
0.640946
0.474133
0.498314
0.968487
1.107232
0.100971
0.198731
1.044842
0.018977
0.429794
1.281382
0.969350
0.562384
0.786968
1.545579
1.421104
0.618834
1.683183
2.750896
1.041578
1.352102
0.438879
1.334044
0.944137
1.256806
0.207898
1.359329
0.288293
0.525803
0.483545
0.000000
0.000000
0.000000
0.257336
0.241239
0.134245
0.199937
1.360417
1.044238
0.241342
0.997364
0.812976
0.738565
1.229505
0.522539
0.823380
0.920389
0.096373
0.992833
0.410031
0.058744
0.697464
2.008319
1.121798
1.034541
1.088667
1.073996
0.000000
0.580240
0.336404
0.548419
0.560381
0.566307
0.877331
0.746380
0.564285
0.227497
0.717751
1.586707
1.596070
0.976378
0.866694
0.987225
1.208246
0.464055
0.369942
0.895058
0.075246
0.812789
0.471271
1.464097
1.102417
0.154426
0.995740
1.045696
1.352741
0.450871
0.484878
0.001770
0.536115
0.480755
0.339965
0.286006
0.753018
0.172911
1.349139
1.082522
1.807186
0.128814
0.695686
0.674570
2.514917
0.000000
1.765394
0.278716
0.521235
0.159093
0.886975
0.621140
0.163557
0.707493
0.920218
0.820746
0.767323
1.536532
1.488934
1.012907
1.124262
1.189895
1.381191
1.033476
1.318347
1.767244
0.000000
0.000000
0.657745
0.405749
0.466706
1.274378
0.420383
0.000000
1.823568
0.000000
1.326322
0.000000
0.778784
0.826054
1.144241
0.070226
1.336264
0.424922
0.231932
1.268262
0.000000
1.062086
0.327062
1.122613
0.810060
0.543856
1.131918
0.394386
1.234327
0.502716
0.464472
0.768266
0.164629
0.425505
0.444812
0.519079
0.500227
0.597251
0.000000
0.161660
0.574607
1.240588
1.631135
0.028513
0.671549
0.650263
0.564062
0.054397
0.315358
0.024828
0.725386
1.429681
1.626059
0.388761
0.639602
1.135965
0.134258
0.984157
0.849204
0.606807
0.316243
0.784050
0.406159
0.923417
0.006877
0.634578
1.226295
0.000000
0.457428
0.000000
0.347135
0.746041
0.604141
0.077874
0.488128
0.290640
0.788496
0.686777
1.162164
0.924251
0.509585
0.000000
0.285555
0.441751
0.211998
1.119497
1.155797
0.522574
1.320345
1.275490
0.899356
1.036622
0.953356
1.259157
0.348314
0.411231
0.342206
0.905164
0.649585
0.092952
0.134310
0.238117
1.019494
0.918501
0.526534
1.108985
0.790026
0.000000
1.789416
1.812510
1.825648
0.000000
0.738865
0.261514
0.000000
0.751993
0.968564
0.634062
0.289240
1.235511
0.441479
0.979097
1.706360
0.086870
0.248523
0.505073
0.761958
1.033056
0.218788
0.958139
0.678261
0.575465
1.835625
0.893286
0.876829
0.314315
0.568928
0.695779
2.214146
0.110081
0.854859
1.048814
0.738876
0.669878
1.040502
0.000000
1.247499
0.318530
0.928637
0.326241
0.872046
0.448234
0.733245
0.373205
0.773074
0.271676
1.026095
0.797357
1.069114
0.000000
0.000000
1.044261
0.276830
0.014090
0.000000
0.000000
0.906309
1.235419
0.475487
0.893426
0.292100
0.712114
1.741838
0.815588
1.346096
0.000000
0.405950
0.088193
0.000000
0.786536
0.479135
0.750319
0.746633
1.007453
0.537746
1.558945
0.508128
0.754274
0.475749
0.226986
0.133846
0.801278
0.000000
0.000000
0.682316
0.353462
0.549329
0.654319
0.681871
0.350385
0.454543
1.109348
2.296002
0.011364
0.989414
0.360818
0.467805
0.054780
0.444166
0.000000
0.235153
0.695984
0.387973
0.419392
0.104206
0.499719
0.000000
0.592358
0.848168
0.299370
0.363351
0.051330
0.769545
0.847581
0.029664
0.330771
0.534456
0.468643
0.811088
0.866077
0.848983
0.000000
1.000393
0.538167
1.388220
1.046433
0.052897
0.023042
0.347984
1.037594
1.020319
1.060419
1.214585
0.653344
0.278459
1.181457
0.443767
0.189262
0.479450
0.338862
0.664230
0.476412
0.967801
0.717426
0.768936
0.000000
0.808578
0.826299
0.499203
0.552265
0.811569
2.813085
1.607343
0.000000
0.568872
1.651633
0.450901
0.755004
0.680283
0.000000
0.313699
0.000000
0.297904
0.921562
1.090243
1.136083
1.134731
1.395639
0.396178
1.020983
0.365509
0.000000
0.312195
0.989248
0.407130
0.964639
1.384584
1.423178
0.495847
0.640569
2.001433
0.000000
0.227942
1.802272
1.706815
0.365289
0.611686
0.461651
1.339945
0.432904
1.237522
0.591789
1.162514
1.359910
0.646488
0.580096
1.155782
0.689357
0.588479
0.321780
0.568578
0.704607
1.199131
1.785256
0.513485
1.521661
1.023319
1.463315
0.818889
0.779362
0.432504
1.448914
1.167881
0.000000
0.516119
1.548610
0.598808
0.895378
0.027492
0.000000
0.686025
0.485605
1.369544
1.043882
0.741900
1.690668
0.000000
0.058516
0.693955
0.000000
0.787575
0.764614
1.742323
1.011092
0.420097
0.636347
0.994092
0.536573
0.520142
1.662860
0.682008
0.000000
1.378005
1.466882
1.020163
0.000000
1.031724
2.065973
1.096622
0.838572
0.000000
1.105216
0.696250
0.000000
1.920582
1.413553
1.434542
0.222357
0.000000
0.000000
0.842698
1.479048
0.893870
0.918119
0.419136
0.447983
0.614752
0.245195
1.111729
0.418789
0.776452
0.376116
1.326578
0.427793
0.220396
0.410584
0.481389
0.389768
0.983863
1.073497
1.254983
0.062031
1.018404
0.000000
1.924953
0.000000
0.631501
1.025242
1.088592
0.544911
0.689376
0.490586
0.268261
1.771136
0.331846
1.329870
0.096325
1.314965
0.314259
1.399473
1.044540
0.992648
1.098306
0.000000
0.924304
1.648112
0.000000
0.225842
0.654211
0.135546
0.615449
0.476646
0.704838
0.093980
0.681691
0.815367
3.461679
0.176574
1.153590
0.137671
0.379253
0.563241
1.107327
0.563803
1.111009
1.840672
0.731090
0.633529
0.836167
1.933741
0.367218
0.000000
0.847987
0.782124
1.413872
1.086940
0.643667
0.859098
0.227493
1.440612
1.421103
0.000000
0.718602
0.386656
0.761651
0.614959
0.000000
0.000000
0.135947
0.567735
0.545157
0.675029
1.458201
1.330732
0.459549
0.179675
0.655691
1.779726
0.571109
1.186487
0.120493
0.000000
0.175196
0.612690
1.597038
0.000000
2.581448
0.592150
1.215418
0.000000
0.000000
1.207815
1.444170
0.554353
1.442412
1.540671
1.310862
0.000000
0.968375
1.327117
1.686737
0.454167
0.883135
0.143483
0.823232
0.000000
1.034427
0.307488
0.514397
0.812114
1.706229
1.793464
1.346656
1.298367
0.932732
0.161642
1.300323
1.415716
0.958547
0.488452
1.297583
1.066691
0.000000
0.624858
0.519616
0.423181
1.408841
0.392105
1.076136
0.086291
0.848398
1.268785
1.400942
0.503181
1.013686
0.592030
0.120723
0.181976
0.820175
0.262255
0.000000
0.727514
0.213448
0.192855
1.649926
1.219640
0.625296
1.080175
0.635287
1.395276
0.728986
0.896100
0.000000
1.407933
0.296303
0.128028
0.771017
0.585086
0.738285
0.436983
0.073582
0.352210
0.389407
0.752607
0.712025
0.499632
0.709051
0.853656
0.162095
0.238823
1.067772
0.697967
0.139190
0.190981
0.780332
1.038592
1.115335
0.796675
0.793568
0.636847
0.669851
0.516029
0.613858
1.159056
0.000000
0.812046
0.506526
0.185343
0.167521
0.373048
1.098660
0.348426
0.777453
0.021739
1.009530
0.061090
0.846916
0.926191
1.083355
0.455896
1.274696
1.120868
1.236721
0.129978
1.008420
0.489645
0.067386
0.223997
0.759425
0.707500
0.308511
1.808107
0.458790
0.361533
1.082411
1.015113
0.000000
1.220182
0.579353
0.710787
0.000000
0.308840
0.262325
1.375085
1.213045
0.140340
0.518146
1.155915
2.083004
1.642652
0.740701
0.061231
0.640944
0.635621
0.212266
0.327663
0.584739
0.634896
1.333635
1.140718
0.295809
0.614749
0.000000
0.998147
0.906173
0.842925
0.509316
0.870042
1.591296
0.364861
0.556241
0.694209
1.297932
0.000000
1.090344
0.952313
0.447088
0.415967
0.734099
0.170617
0.224215
0.499636
0.406903
0.653985
0.617510
0.686156
0.630163
0.000000
0.390594
0.336841
0.446808
0.620543
0.219999
1.012203
0.483829
2.073646
0.031839
0.874378
0.035276
1.626033
0.137353
0.780095
0.757858
0.437967
0.609931
0.741559
1.306255
0.634562
0.624233
0.000000
0.892224
0.831278
0.622573
0.743718
1.112157
0.186474
0.512975
1.366277
0.615813
0.339147
1.391799
0.644716
0.660755
0.852092
1.556911
0.624819
0.534381
1.327902
0.168020
1.268007
0.861777
1.525469
1.017559
0.000000
1.130392
0.505123
0.313006
0.000000
1.278520
2.285630
1.222768
0.522822
0.000000
0.728393
0.000000
0.970315
1.697422
0.000000
0.961195
0.459432
0.000000
0.013742
0.621750
0.478689
0.491807
1.119041
0.199871
0.000000
0.291295
0.653364
0.655315
0.356182
1.036414
0.000000
1.502560
0.000000
0.355300
0.560870
0.340849
0.445590
0.625034
1.399529
1.230825
0.000000
0.784472
1.582880
0.853334
0.000000
1.002699
0.332575
0.792580
0.228169
0.874639
0.609543
0.000000
0.131356
0.069465
0.709823
0.032734
0.000000
0.292371
0.683831
0.523275
0.286887
0.403819
0.000000
1.046519
0.217856
0.388449
0.721207
0.968641
0.000000
0.625541
0.861568
0.589448
0.263729
0.679135
0.759963
0.943996
0.000000
0.806534
0.898339
0.783762
0.549607
0.878516
0.976543
0.000000
0.524859
0.497820
0.956456
1.214793
0.418648
0.930464
1.484428
0.751448
0.727980
0.222633
0.187893
0.625681
0.577039
0.000000
0.849466
1.020593
0.000000
0.795762
0.097051
0.379750
0.679865
0.377430
0.295106
2.165836
0.564541
1.416759
1.061001
0.494937
0.000000
0.804150
0.475772
0.940267
0.620638
1.301048
0.522801
1.416363
1.735377
0.227198
0.921303
1.015792
1.431305
1.096613
0.549826
0.259376
0.787657
0.000000
0.602845
1.229296
0.169710
0.692572
0.449414
0.000000
0.183193
0.832389
0.000000
1.939555
1.090471
0.906070
0.215216
1.196799
0.657516
0.484160
0.353335
1.324435
0.872844
1.267609
0.908016
0.712735
0.626439
0.000000
0.901227
0.769938
0.547777
0.887868
0.903379
0.587364
0.169015
0.040797
0.904264
0.677170
0.094283
0.905121
1.074378
1.346871
0.309686
0.000000
1.093253
1.159889
0.864251
1.210844
0.450539
0.824519
0.424388
0.499167
0.000000
0.130836
0.392200
1.345131
1.152670
1.151842
0.345893
0.332635
0.282894
0.883640
0.268811
0.253286
0.828837
1.316398
0.896607
0.874585
0.373010
0.435654
0.000000
1.746487
1.221752
0.913062
0.000000
0.705482
0.681559
1.678198
1.023499
0.329215
0.773086
0.756628
1.657669
0.724772
0.160450
0.901899
0.732387
0.732214
1.576353
0.000000
0.777979
1.715694
1.834861
1.196165
0.431264
2.058945
0.774944
1.419765
0.588040
0.496272
0.823560
0.269320
0.464683
0.428192
1.109217
0.336531
0.000000
1.080852
1.599097
1.222182
0.444411
0.279260
1.510351
1.848230
0.338019
2.006362
0.490522
1.328057
1.997098
2.176470
1.551506
1.244666
1.134447
0.285967
1.383311
1.409929
1.553361
0.551298
1.073976
1.063484
0.927700
0.199006
0.692123
1.072053
0.184756
2.610390
0.475715
0.779311
1.124735
0.740554
0.508018
2.106454
1.340747
1.634676
0.078909
0.640720
0.693591
0.351625
0.715351
0.399932
0.567291
0.513820
0.972122
0.000000
0.586244
1.367375
0.472606
0.196807
0.439980
1.724388
1.742212
0.771029
2.047739
0.616337
0.193558
0.387164
1.111999
1.917275
2.279239
0.376183
0.000000
2.197480
0.854734
0.230068
2.152506
0.083850
0.000000
0.760418
0.913908
0.594737
0.286487
0.370082
0.208570
0.362185
0.481712
0.605778
1.017983
0.601168
1.734820
0.437576
0.171213
0.724959
0.589484
1.299780
0.617842
0.571844
0.676795
0.681425
0.152693
0.460732
0.784606
0.679096
0.326658
0.443681
0.072891
0.380859
0.335989
0.521719
0.439658
0.183639
0.944793
1.019826
0.000000
0.540353
0.195801
0.711486
0.491505
0.807252
0.263758
0.122976
0.450391
1.282362
0.551698
0.520598
1.277599
0.000000
0.521609
0.000000
0.761956
0.000000
0.749273
1.187931
1.075472
0.448153
0.006320
0.596621
1.549897
1.670646
0.857416
0.368420
0.000000
0.000000
0.002870
1.837751
0.543358
1.486928
0.836706
0.000000
0.112401
0.368745
0.978852
0.501807
0.827632
0.665096
1.634344
0.366237
1.300264
0.877396
0.864998
0.292664
1.689647
1.178958
0.578673
0.512013
2.164074
1.384581
0.375950
0.241005
0.849645
1.147986
1.605725
0.076186
0.412292
0.000000
0.771916
0.782453
0.316649
1.271041
0.296297
0.412360
0.007701
0.475023
0.605176
1.236536
0.538115
0.663020
1.625986
0.948606
1.649332
0.268903
0.372618
0.698867
0.812772
0.434471
0.225686
1.474392
0.573733
0.462071
0.545885
0.102911
1.360582
0.387116
1.573275
0.241576
0.338955
0.369143
0.000000
1.003919
0.515280
0.408119
0.951011
0.881226
0.375357
1.169273
1.540017
0.311092
1.022695
0.883952
0.688516
0.513018
0.884259
0.338601
0.604793
0.233656
0.000000
0.848076
0.168804
0.000000
1.082837
0.897165
0.704763
0.399240
0.451280
0.000000
0.472458
0.879012
0.000000
0.620849
0.507367
0.741779
0.000000
1.123757
0.423863
1.532371
1.156535
0.697318
0.230003
1.481102
0.000000
1.008667
1.388630
1.289431
0.623361
1.422011
0.569720
0.025324
0.889644
1.357113
0.319047
0.623239
0.897923
0.674728
0.000000
1.527871
1.124608
0.709015
1.260059
0.750117
1.034903
0.819089
0.593774
0.756641
0.190153
0.206269
0.251649
0.401994
0.646721
0.000000
0.392735
0.818738
0.560576
0.596617
0.513224
0.000000
0.000000
0.644168
0.323382
0.862434
0.767072
1.441509
0.301484
1.271214
1.585731
0.637593
0.325985
0.418168
0.814478
1.311786
1.655330
0.000000
0.000000
0.425919
0.295604
0.318691
0.325900
0.184755
0.294106
0.235922
0.683020
0.530488
0.645417
0.939333
0.556424
0.612576
0.329828
0.598815
0.411986
0.945190
0.697246
0.731474
0.000000
0.000000
0.471316
0.609449
0.902589
0.808626
0.000000
1.130773
0.327567
0.636439
0.965756
0.587613
0.000000
0.578399
0.122799
1.384170
0.370822
0.000000
0.514209
0.151986
0.291404
0.493213
0.270294
0.851741
0.670374
0.673118
1.065587
0.006052
0.617483
0.000000
1.026520
0.000000
0.061514
0.582044
0.078665
0.000149
0.427497
0.231472
0.000000
0.716232
0.830891
0.226093
0.453138
0.358583
0.473958
0.203243
0.434110
0.537807
0.357114
0.506236
0.747882
0.782600
0.821578
1.162152
1.346319
0.833707
0.287621
1.283428
0.908008
0.977013
1.092395
0.058191
1.299421
0.027526
0.744204
0.653214
0.043812
0.794147
0.551803
0.404390
0.642713
0.418833
0.000000
0.412571
0.108350
1.012400
0.765606
1.175245
0.278172
0.317850
1.089704
0.135083
0.542792
0.142620
1.119783
0.000000
0.000000
0.211144
0.712455
0.739186
0.312899
0.175047
0.174723
1.081610
0.942046
0.386373
0.294911
0.427477
0.606359
0.922670
2.102175
0.785521
0.388776
0.485523
2.077595
2.312369
1.490076
0.885387
0.110807
0.369810
1.158953
0.388476
0.830597
1.028982
1.220667
1.908967
0.610216
1.734648
2.057571
0.592118
0.220478
2.025523
0.523167
1.946887
0.680507
0.647787
1.308010
0.725292
0.635614
0.427358
0.579800
1.195986
1.535394
1.245899
0.048246
1.027501
1.213193
0.638293
0.795195
1.105431
0.446961
0.847907
0.270443
1.759633
0.543842
1.029815
1.537498
1.261786
0.961947
1.092873
0.546195
0.275391
0.562784
0.670827
0.424720
0.588854
0.141680
0.204608
0.770466
0.000000
1.196134
0.630944
0.008007
0.300462
0.849209
1.224341
0.628930
0.238621
1.774113
1.277192
0.756518
1.052947
0.686477
0.834194
0.231033
0.000000
0.000000
0.106160
1.431996
0.765236
1.446529
0.423243
1.752111
0.216717
0.911640
0.957008
1.177863
0.744008
1.237652
1.062098
1.212315
0.342330
0.318345
0.658285
0.562454
0.843293
1.155948
0.641398
0.000000
1.024135
0.548676
1.618022
0.260169
0.392311
2.138345
2.044545
0.641828
0.757199
0.054150
0.864440
0.561611
0.101880
0.759894
0.411423
0.000000
2.029540
2.587347
0.943163
0.876909
1.677579
0.417930
1.338940
0.000000
0.062506
1.431406
1.158783
0.317295
1.427974
0.074557
1.147330
0.219969
0.588156
3.313480
3.220316
0.000000
1.014085
0.924115
0.376327
0.000000
0.983655
0.785220
1.391044
1.389477
2.133109
0.255605
2.496032
1.393074
0.987722
0.572425
1.217239
1.551880
1.197510
2.056891
0.750445
1.417698
0.000000
0.098999
1.748617
0.249470
0.507524
1.002672
1.107718
0.106548
2.296997
0.000000
1.631709
0.172627
2.543242
0.660940
0.858886
0.000000
0.968790
0.042616
0.565631
1.731049
0.000000
0.841037
0.000000
0.000000
0.539415
0.937196
1.649612
0.520308
1.328590
0.810149
0.327024
1.407148
0.290358
0.000000
1.184701
1.404673
1.549775
2.466550
0.359675
0.000000
1.203648
1.703987
2.585592
1.006069
0.794440
0.000000
0.227321
1.003922
1.073509
0.878935
1.057595
0.000000
0.395474
0.558645
0.332168
0.747832
0.263354
1.459754
0.300755
0.005003
0.992804
0.205500
0.947967
0.162918
0.222780
1.205243
0.521189
0.000000
0.731561
0.834006
0.969456
0.850810
0.069333
1.460538
0.490213
1.450884
0.542063
1.955744
0.606111
1.502810
1.370772
1.326899
0.556128
1.501809
1.792617
1.022349
2.343337
0.762205
0.320681
0.888781
1.859761
2.219554
1.335957
0.000000
0.484240
0.087615
0.000000
2.600080
1.558543
0.000000
1.827757
0.000000
0.679783
1.744818
0.000000
1.050178
0.877892
0.000000
1.798337
1.445481
1.543722
0.534857
1.483189
0.215977
0.000000
0.478660
0.405000
0.577963
0.836792
0.770455
0.538007
1.677052
0.478695
0.935499
0.000000
0.762128
0.070661
0.118000
0.728567
1.130285
0.974783
0.000000
1.150587
0.000000
0.571300
0.730350
0.000000
0.295609
1.310634
0.113605
0.653379
0.786979
0.285579
0.000000
2.025959
0.534406
0.322869
0.513512
0.000000
0.000000
0.674386
0.751675
0.499992
1.493732
0.171794
0.895619
0.181918
0.682132
0.000000
0.947842
0.174667
0.830976
0.692007
0.230537
0.567927
0.797371
0.339521
0.473147
0.123002
0.434339
1.812351
1.506067
0.579797
0.000000
0.213796
1.325923
0.656675
0.743976
1.210256
1.368657
0.828542
0.375397
0.613969
1.141555
0.820065
0.400643
0.716946
0.096483
1.240599
0.442230
0.938680
0.393342
1.084075
1.015912
0.401200
0.000000
0.513260
0.914937
0.894823
0.263563
0.000000
0.326890
0.713645
1.432809
0.000000
0.514352
0.342108
0.527409
0.874330
0.473803
0.797689
0.891376
0.008478
0.036039
0.322374
0.084889
0.280947
0.500347
0.697282
0.000000
0.536990
0.924096
0.277643
0.000000
0.473634
0.878178
0.392183
0.000000
0.053458
1.829295
0.654725
0.505927
0.000000
1.228002
0.503404
0.422419
0.901967
0.099804
0.704202
0.000000
0.860474
0.393329
0.068015
0.927415
0.964014
1.173843
1.159029
1.135050
0.692741
0.309811
0.454219
0.838669
0.419546
0.997095
0.881752
1.139705
0.109887
0.000000
0.492452
0.378859
0.525949
1.137013
1.179607
0.423625
1.120375
0.270501
1.233782
0.343422
1.668558
0.649125
1.278730
0.000000
0.198018
0.281961
0.000000
0.521608
0.485488
0.899686
0.459639
0.512538
0.895252
0.889965
1.248266
0.930030
0.821742
0.558628
0.392763
0.793231
0.029717
0.000000
1.063153
0.801381
0.280472
1.052292
0.000000
0.050567
1.318474
0.526065
1.769112
0.079882
1.706222
0.591819
1.118670
0.313689
0.866870
0.000000
0.000000
0.481898
1.183171
0.797274
0.255323
0.524209
0.605850
0.954475
0.933984
0.367055
1.084469
0.268272
1.075330
0.804028
0.072315
0.302210
0.940463
0.481993
0.872189
1.055060
1.039632
0.140151
1.230202
1.151254
0.709843
0.494681
0.721967
0.371184
1.409356
0.921681
0.000000
0.762552
0.431504
0.936089
1.313714
0.596255
1.844818
0.000000
0.000000
0.116500
1.135313
0.832666
1.374649
0.000000
2.088152
0.096642
0.445024
1.456775
1.457826
0.000000
0.739066
1.135026
1.477179
0.699245
0.130011
0.955200
0.812372
0.000000
1.957865
0.398925
0.652619
0.831729
0.475662
0.000000
1.010812
1.024909
0.982937
0.687882
0.439288
0.530708
0.127185
0.423779
0.617663
0.027267
0.769487
0.477576
1.402606
0.756122
0.581696
0.967136
1.209183
0.000000
0.730661
0.231765
0.803045
0.679765
0.075757
0.592886
1.588082
0.087312
0.890421
0.959102
0.269327
0.761671
0.702798
0.062389
0.441931
0.730171
0.317868
0.000000
0.442674
0.355152
0.379423
1.385629
0.675958
0.714773
0.608157
0.000000
0.004183
0.000000
0.000000
0.984189
0.753943
0.094075
0.488651
0.000000
0.021115
1.276132
0.000000
0.746292
0.819200
0.000000
0.898441
0.000000
0.225772
0.000000
0.470952
0.165576
0.505301
0.370371
0.377924
0.480677
0.253493
0.762240
0.143801
0.218675
0.621539
0.338649
0.303440
0.625277
0.500215
0.831306
0.227578
0.079738
0.452661
0.262568
0.520952
1.122938
0.377304
0.000000
0.407657
0.291355
0.685386
1.234566
0.054723
0.000000
0.225068
1.124181
1.120817
0.457910
1.748603
0.015640
0.406498
1.067451
0.939182
0.432639
0.224295
0.678442
0.711243
0.000000
0.936847
0.555369
1.762238
0.000000
0.535888
1.346678
0.327336
0.000000
0.280310
1.822342
1.296166
0.450908
0.000000
0.889345
0.000000
0.852910
0.157557
0.611863
1.348946
0.679926
0.000000
0.234709
1.145068
0.774800
1.267114
0.597051
0.719227
0.490797
1.089704
1.236013
0.809565
0.705286
0.376154
1.231870
1.031601
0.667652
0.931287
1.841013
1.201801
0.000000
0.860645
1.285891
1.050820
0.609831
0.414166
0.000000
1.216098
0.551051
1.444163
0.719470
0.860227
0.746053
0.193351
0.266286
0.000000
1.256846
0.020174
0.988050
0.000000
0.000000
0.640335
0.753680
0.000000
0.938163
0.167837
0.886716
0.125472
0.615718
0.396475
0.000000
0.229282
0.579538
0.812293
0.572822
0.325146
0.000000
1.033627
2.417330
1.488661
0.216129
0.347327
0.547817
0.625918
1.340553
0.165909
0.492877
0.115354
0.308807
1.024333
1.796139
0.442685
1.111873
1.356092
0.660197
0.575983
1.712296
1.153238
1.028191
0.506174
1.853271
0.367353
0.855336
1.040083
0.793325
0.933622
0.955564
0.000000
0.000000
2.247678
0.463321
0.764259
0.000000
0.902104
1.237102
0.464220
0.112918
1.635856
0.410606
1.262360
2.724378
0.204145
0.921841
0.000000
1.784250
0.242616
1.600403
0.743237
0.645796
0.000000
0.961825
0.729072
1.125108
0.702817
0.000000
1.081952
1.188140
1.828706
2.356896
1.172413
0.000000
1.336235
2.292380
3.634087
2.461124
0.000000
1.323242
1.177495
1.859997
0.010130
1.326798
3.678630
0.000000
2.392845
1.818821
1.509436
1.816477
1.775730
0.422643
1.138819
1.226179
2.379975
2.914664
1.110722
1.241197
0.745917
1.815073
0.736096
0.000000
0.702470
2.253344
1.235207
0.708721
0.627636
0.568685
1.011606
1.588241
1.146135
0.530327
0.205384
1.042332
1.251098
0.674996
0.000000
0.496856
0.000000
0.434620
0.488208
1.336044
0.482950
1.155357
0.229674
0.871902
0.917409
0.717490
0.373056
0.947838
0.087046
0.290521
0.225817
0.093632
0.578941
0.000000
0.000000
0.411107
0.000000
1.857217
2.265108
0.877523
0.409950
1.170590
1.442508
1.074656
0.200276
0.661776
0.288024
1.180825
1.496142
0.257178
1.306300
1.345933
0.700211
1.415583
1.517687
0.978367
1.488939
0.869271
1.479891
0.286932
0.652335
1.227171
1.735745
0.206004
1.558553
0.831010
0.318912
1.337837
0.000000
0.727146
1.535766
0.000000
1.914251
1.092299
1.533552
1.280341
1.526073
1.429382
0.917805
1.450930
0.982182
0.869463
1.004860
1.339904
0.416702
1.579244
1.086203
0.793164
1.144970
0.008606
0.292907
0.032207
0.160846
1.949275
1.009577
0.000000
0.368698
0.149212
1.169522
0.880591
0.000000
1.404564
1.513907
0.727808
0.776808
0.771031
0.583267
0.838609
0.665445
0.325374
0.866795
0.194960
1.341169
0.771614
1.211918
0.918397
0.506591
0.403993
1.445270
0.355361
0.831082
0.475275
1.157749
0.000000
0.263709
1.448102
0.723249
0.000000
1.184624
1.148227
1.012477
0.697985
0.710136
0.153145
1.000889
0.062011
0.339379
0.413605
0.151376
0.479319
1.972221
0.000000
0.440340
1.069289
0.000000
0.515452
0.837214
0.252454
0.794666
0.345828
0.571293
0.330721
0.575700
0.651807
0.501762
0.105697
0.017057
0.470570
0.293317
0.002925
0.508683
0.420948
0.483320
1.210711
0.000000
0.844672
0.365865
0.962677
1.278438
0.353496
0.387635
0.470878
0.994886
0.000000
0.947309
1.203087
0.135516
0.204728
0.506501
1.681340
0.030772
1.034567
1.246606
1.261328
1.227328
1.293442
0.000000
0.778164
0.169239
0.805769
0.316291
0.183004
1.011215
1.351683
0.099448
1.246063
0.013321
1.033984
0.450931
0.741325
1.018321
0.470051
1.157205
0.342831
0.507721
0.000000
0.000000
1.442617
0.334590
0.279076
0.761083
0.187101
0.049789
1.721270
0.495403
0.470422
0.695991
0.271756
0.352140
0.694974
0.417103
0.980348
0.634502
0.317176
0.736468
0.508010
1.381218
0.295741
0.541733
1.058859
1.005049
0.654055
0.365332
0.228768
0.705245
0.955993
0.643272
0.188602
1.244218
0.313697
1.208612
0.328498
1.159032
0.696123
0.219360
0.355490
0.890061
0.682692
0.627118
0.381831
0.801846
0.715452
0.176866
1.753130
0.890210
0.000000
0.000000
0.000000
0.387055
0.702395
0.144030
0.000000
0.000000
0.318132
0.231249
0.662935
0.547452
1.050259
0.537442
0.000000
0.877878
0.279732
0.634147
0.921962
0.832644
0.809285
0.676200
0.157901
0.900423
0.779254
0.532840
0.433193
0.135792
0.208761
0.366911
1.160602
0.248456
0.222801
0.528280
0.000000
0.356057
0.886728
0.026100
0.985882
0.309047
0.303879
0.493082
0.384708
1.462720
0.478855
0.779504
0.209725
0.000000
0.568284
0.275623
0.838670
0.362230
0.000000
0.954838
1.262167
0.675646
0.141523
0.362582
0.790940
1.481961
0.316277
0.593366
0.131916
0.446327
0.000000
0.715778
1.405769
0.837991
0.000000
1.651938
1.219490
1.679181
0.000000
0.940980
0.777629
0.808345
0.229079
1.208053
0.807694
0.644145
0.967625
0.301305
0.190976
0.164356
0.391952
0.607091
1.424399
0.153224
0.385295
0.221695
0.183509
0.475935
1.045375
0.224255
1.992313
2.004800
0.000000
0.000000
0.597049
0.646328
1.114008
0.000000
0.488045
1.564612
0.766028
0.686092
1.507593
2.211220
1.776217
0.240911
0.962803
1.683556
1.290932
1.045471
0.815747
0.916892
0.728280
0.000000
0.773298
1.891964
0.000000
1.061901
0.000000
0.481324
0.000000
0.283641
2.336411
0.376531
0.000000
0.642538
0.718232
1.608222
0.536824
0.096796
0.000000
0.687815
1.506591
0.378690
0.063942
0.823270
0.728781
0.328863
0.267736
0.784778
0.428138
0.994933
1.094530
0.600978
0.901313
0.960242
0.747028
0.772343
0.661515
1.228479
0.515804
1.028511
0.562795
0.000000
0.377154
1.045848
0.438675
0.533107
1.017283
1.031724
0.000000
1.542466
0.513843
0.595298
0.405702
1.755787
0.442997
0.426652
0.000000
0.513801
0.000000
0.146646
0.250972
1.340820
0.962783
0.816944
0.836323
0.143885
0.336602
0.631399
0.523085
0.692388
0.804744
0.310688
0.503645
0.051653
0.000000
0.515456
1.048972
0.732922
1.970841
0.785605
0.000000
1.664724
0.525401
1.189100
0.000000
1.117229
0.748273
2.804591
1.250871
1.553186
0.925415
0.410455
2.849184
1.951356
2.220315
1.516930
0.000000
1.236532
3.580044
1.378901
1.844428
0.850031
0.278813
1.992336
0.431421
0.000000
1.668751
2.937528
0.803590
0.000000
2.494680
1.884745
1.785267
1.508815
3.156194
4.779878
0.314181
3.153588
2.450850
2.759101
0.594003
0.000000
0.691186
2.052269
0.992194
2.767350
1.464697
3.336954
2.356025
0.000000
1.020659
1.078855
0.000000
1.206753
0.589754
1.940242
0.136405
0.899578
2.856674
3.025810
0.000000
2.405671
0.949328
2.376739
0.321245
0.000000
0.184771
3.572637
0.142979
1.947294
0.786607
0.225134
0.669886
0.782413
0.000000
0.714579
0.403053
0.180763
0.280459
1.316535
0.005392
1.296968
1.294154
0.849485
1.544987
0.827871
1.313147
0.417512
0.499637
0.456651
0.185020
0.518177
0.297085
0.734835
0.370569
0.457460
0.425897
0.946297
1.011185
2.239721
0.268366
1.021855
0.933138
0.687495
0.840244
1.128909
0.444892
0.331824
0.748843
0.000000
0.820347
0.000000
0.457819
0.093875
1.741907
0.629598
0.760473
0.782325
1.524108
0.548323
1.078467
0.060847
0.353228
0.515302
0.376463
1.613039
2.016867
0.546451
0.337020
0.585440
1.559839
1.292880
0.890796
1.273548
0.041078
0.179188
0.027456
1.514767
0.545321
1.028845
1.030467
1.148669
0.000000
0.993074
0.471763
0.878440
1.403433
1.600985
0.344417
1.484959
1.165847
1.201116
0.606848
0.376769
1.057509
0.613913
0.000000
0.352709
1.248845
1.404906
0.508790
0.649081
0.683456
1.085993
0.707043
1.081560
0.284820
0.881237
1.107612
0.528893
0.100355
0.743794
1.049540
0.363227
0.535335
0.000000
0.369139
0.157875
1.342940
1.222263
0.000000
1.180089
0.000000
1.432577
0.497138
0.042044
1.149160
0.588719
0.000000
1.335214
1.061554
1.123579
0.071347
0.897382
1.092278
0.839361
1.253985
0.376157
0.945464
0.000000
1.796189
1.587255
0.606518
0.218188
0.439701
0.524730
0.014345
1.866748
2.011937
0.789131
1.803174
1.327052
1.221449
1.345093
1.207232
0.000000
0.947092
1.387530
1.198979
0.951153
0.384922
0.198161
0.000000
0.108080
0.713264
0.314250
0.129132
0.508315
1.002564
2.381182
1.180219
0.906472
0.889620
0.649812
0.075524
0.740341
0.598586
0.205951
0.436438
0.951329
0.837186
0.177307
2.308193
1.103534
0.910333
0.778381
0.857940
0.000000
0.668361
0.296335
1.245452
0.613009
0.250108
1.059625
0.511194
0.430751
0.959381
0.000000
1.476928
1.089361
0.852696
0.345073
0.312815
0.000000
0.458321
1.310430
0.488615
1.243239
0.817785
0.221754
0.299771
0.848597
0.769122
0.471395
0.138473
0.606226
0.657888
1.180550
1.367114
0.231444
0.755310
0.940519
0.577148
0.485469
0.000000
0.108067
1.118185
0.497578
0.272652
0.385329
0.608174
0.285269
1.128988
0.903973
0.469971
0.524515
0.856375
0.645638
0.364998
1.645742
1.762229
1.460462
0.900551
1.028881
0.700071
0.000000
0.810209
0.553028
0.000000
0.693919
0.091508
0.970802
0.349183
0.149356
2.364875
1.444874
0.000000
0.440081
0.967474
0.829945
1.207056
0.000000
0.116864
0.571265
0.675451
0.265232
0.496123
0.454425
1.169916
0.489743
0.047655
1.113106
0.411195
1.242081
1.077268
0.000000
0.000000
0.000000
0.409757
1.501717
0.428105
0.996683
0.000000
1.406863
0.000000
0.904648
1.520104
0.380617
0.065585
1.309751
1.881787
1.524643
0.017359
0.000000
1.323812
0.100389
1.353799
0.018373
0.141585
0.892981
0.000000
1.141479
0.154744
0.717552
1.530186
0.000000
0.928215
0.770207
0.739792
1.190074
0.267393
1.082149
0.307536
0.973020
0.000000
0.843194
0.912830
0.000000
1.095362
1.020090
0.455294
0.576651
1.263364
1.178752
1.284357
0.228636
0.904250
1.641526
0.846304
1.167002
1.616643
1.478906
1.613374
0.021764
0.567014
1.060295
2.323762
0.559138
0.868638
0.497014
0.627511
0.649264
2.729951
1.964014
1.081395
1.884452
0.148174
0.838964
0.903363
0.331653
1.488564
1.223925
0.269096
1.357990
1.100455
0.117673
0.590920
0.000000
1.062489
2.634842
0.471531
0.993824
0.354948
0.690261
1.477266
0.342079
1.082992
0.787932
0.838670
1.827523
1.630576
1.195122
1.168442
0.907147
0.462810
1.066918
0.405807
1.355573
0.030731
1.354035
1.321055
0.486607
1.677038
0.647937
0.575680
1.095473
1.112014
0.708320
0.052553
1.350602
0.000000
0.272044
0.601495
1.000064
0.192797
0.736602
0.214548
0.868853
0.000000
0.181887
0.383402
1.397718
0.509951
0.735729
1.281132
0.699282
0.441668
0.816921
0.736488
0.808498
0.858998
0.895972
1.162463
0.338306
0.000000
0.087130
0.491352
0.575415
1.160146
0.728741
0.000000
1.143363
0.778751
0.633082
0.104036
1.061491
0.120465
0.545217
0.433454
0.834293
0.124872
0.796694
1.027856
0.255186
0.605034
0.240612
0.595755
0.154532
0.547135
0.247733
0.756108
0.796961
1.001297
0.115424
0.992351
0.186218
0.687345
0.461455
0.634551
0.362873
1.548472
0.242913
0.000000
0.677042
0.723686
1.270879
0.789476
0.008956
0.312428
0.888560
0.829152
0.539884
0.093996
0.883515
0.796363
0.569549
1.499982
0.112380
0.506263
0.049291
1.039107
0.619543
0.048133
0.399966
0.693759
1.283423
0.410046
0.791860
1.947440
1.320843
0.259148
1.106905
1.072517
1.448066
0.000000
0.431545
0.675597
1.113165
1.279342
0.000000
1.001800
0.000000
1.382830
1.284095
0.520289
1.069417
0.524050
0.596405
0.833352
1.105983
0.401229
0.736221
0.764880
1.113404
0.213114
1.422174
0.004629
1.043855
0.091950
0.810625
1.618343
0.000000
0.000000
0.338835
0.417234
0.669411
0.931803
0.000000
0.574393
0.323392
0.894816
0.706909
0.859458
0.880902
0.334513
1.111641
0.369169
1.214520
1.011339
0.660297
1.203149
0.233985
0.635795
0.000000
1.248996
0.307785
0.266150
0.147021
0.046225
0.267617
0.228616
0.374097
1.181364
0.710220
0.000000
0.345896
0.695714
1.124571
0.592768
0.000000
1.375564
1.384029
1.404170
0.123989
0.411560
0.399910
0.995204
0.761655
0.619515
0.806104
0.302317
1.149437
0.516294
0.902786
1.499657
1.051036
0.952094
0.911489
1.381797
1.308416
1.264051
0.519752
0.511354
0.000000
1.535061
1.102359
0.281371
0.000000
0.806993
0.544714
0.597355
0.367358
0.112821
0.160495
0.067011
0.717102
1.120912
0.878195
0.263616
1.024205
0.859800
0.000000
0.742481
0.362251
1.316453
0.326569
0.226584
0.063632
0.980024
1.243739
0.347634
0.000000
0.090508
0.608929
0.098302
0.581925
1.048437
1.125741
0.000000
1.272923
0.452479
0.319631
0.241248
0.000000
2.028905
1.922189
0.776041
0.714352
0.233048
1.108824
0.679718
0.819613
0.858685
0.978720
0.706549
1.138664
0.553665
1.446272
1.490388
1.975505
0.515631
1.076251
2.292674
1.223704
1.437431
0.026379
1.135880
0.193916
0.099481
0.000000
0.630566
0.529034
0.597746
0.723300
0.392955
1.306076
0.040004
1.194707
0.393608
1.347715
0.151637
0.378672
0.035513
2.041687
0.000000
0.437655
1.329741
0.482476
0.282137
0.991397
0.915435
1.386195
0.199625
0.644291
1.877513
0.059814
1.739439
0.000000
1.390800
0.070564
0.149116
1.902107
0.350948
0.606118
0.000000
0.313740
0.182012
0.979983
1.028232
0.713984
0.748540
1.052549
0.301386
0.076012
0.898403
1.211788
0.069716
0.989574
0.235452
0.740963
0.811291
0.125189
0.969974
1.527271
0.153043
0.270792
1.093453
0.751142
1.187285
0.520268
0.319775
0.451625
0.578292
0.136566
0.170956
0.677610
1.050499
1.774518
0.000000
0.738942
1.595574
0.211548
1.777495
0.154144
0.886457
0.451399
0.227743
1.574242
0.457560
0.987015
1.014817
0.000000
0.329757
0.604648
0.619847
0.927087
1.728863
0.232664
0.418660
0.505606
0.000000
0.572432
0.000000
0.313608
1.750947
0.728296
0.000000
0.000000
0.245256
0.528233
1.487792
0.180701
1.252841
1.639134
0.090129
1.236001
1.652059
0.849089
1.441621
0.075205
1.129537
1.134314
0.000000
1.290337
0.190119
1.074038
0.780936
0.000000
0.740706
0.679866
0.000000
0.949412
0.000000
0.578393
0.000000
0.727226
2.725049
0.455703
0.000000
1.146558
0.705786
0.866675
1.430090
0.000000
1.218967
0.992684
1.000267
0.885259
0.000000
0.327511
1.354990
0.125286
0.505260
0.708733
1.091347
1.829634
1.199282
1.057314
1.718032
0.266668
0.000000
1.062120
0.581803
1.271863
0.374462
0.629140
1.073986
0.099486
1.478140
0.515985
0.000000
0.714570
0.361915
1.369330
0.585301
0.125705
0.000000
0.000000
0.370114
0.795676
0.832477
0.513569
1.086982
1.495027
0.550696
0.000000
0.923703
0.000000
0.069071
0.120766
1.057873
0.390013
1.200260
0.212624
0.181495
0.722906
0.548694
0.286903
0.000000
0.790509
0.944040
0.000000
0.000000
0.961086
1.218739
0.259228
0.854653
0.000000
1.492150
1.133010
1.057604
0.699533
0.000000
0.000000
0.811826
0.918990
0.657333
1.318992
0.784405
0.511879
1.043315
0.940493
1.458087
1.419701
0.000000
0.310169
0.604151
0.786498
1.487788
0.362234
0.568967
0.778564
1.130336
1.014245
0.000000
0.455703
0.705136
0.438841
0.898719
0.110095
0.882860
0.000000
1.065929
0.427461
0.037308
0.633893
0.155858
0.876716
0.004703
0.932747
1.742419
0.321781
0.653919
0.205178
1.175429
0.345528
0.136371
0.991780
0.709989
0.723757
0.858186
0.395014
1.041911
0.115719
0.361623
0.567685
0.000000
1.262543
1.211008
0.397879
0.000000
0.660374
0.580206
1.821684
0.796853
0.023755
0.535935
0.525562
0.692034
0.000000
0.000000
1.639149
0.019530
2.504655
0.440336
1.676631
1.993623
0.676728
0.265835
1.318505
1.062721
1.294417
1.538175
0.484689
1.077157
0.000000
0.393711
0.718927
0.859936
1.504576
1.081874
0.970971
0.400545
0.822758
1.564667
0.748254
0.000000
0.571015
0.635704
1.542678
0.142078
0.418973
0.624691
1.318186
1.588370
0.778570
1.394962
0.213487
0.000000
0.000000
0.930626
0.775324
0.000000
0.895487
0.389229
2.549965
0.381523
0.657657
0.657773
0.506573
0.695846
0.726661
2.733578
1.147632
0.000000
0.526854
3.048189
3.558588
1.292169
0.000000
0.109832
0.724049
0.531237
0.543878
0.576823
0.986809
0.415761
0.808090
1.428611
0.415113
0.064080
0.463020
0.410148
0.874933
0.012287
0.438166
0.000000
2.000825
0.000000
0.000000
1.504132
0.284671
0.000000
0.593415
1.945519
2.498936
0.000000
0.420390
1.527087
0.655790
0.470735
0.941294
0.371249
1.013831
1.777722
0.593804
0.433342
0.427508
1.171837
0.825099
0.480142
0.190432
1.055078
0.543087
0.909716
0.997568
0.649632
1.659026
1.365354
0.000000
1.540040
0.228110
1.058820
0.326370
0.289388
0.966118
0.116312
0.386872
0.556330
0.032934
0.000000
1.936999
1.300189
0.000000
0.582610
0.685413
0.488909
0.759396
0.646847
0.000000
0.230527
1.211690
0.311776
1.271252
1.167126
0.949228
1.113316
0.822776
1.850278
0.698006
0.355791
0.009595
0.344205
0.156883
0.664206
0.597667
0.000000
0.000000
0.071109
0.000000
0.411453
0.542759
1.282223
0.260702
0.224369
1.064401
1.110297
1.139191
0.772255
1.097330
0.093768
0.937243
1.591646
2.182220
0.670559
1.991072
2.338751
1.539154
1.535216
2.151576
1.206196
2.091718
1.818077
0.388595
1.542052
0.920575
0.793237
1.418035
0.854798
2.043382
1.363184
0.178408
0.635633
0.962763
1.557960
1.000838
0.510574
1.988344
0.988753
1.837207
0.426456
1.363977
0.672964
0.473331
1.008134
0.751524
0.774847
1.094837
1.088731
0.482704
1.783335
0.000000
1.018327
0.000000
0.641378
0.599381
0.660827
0.326826
0.906057
0.902131
0.274985
0.000000
0.542088
0.697190
1.300566
0.000000
2.742065
1.688055
0.250804
1.398814
0.769619
0.872025
0.839534
0.233531
0.068981
0.401145
0.000000
1.240707
0.599050
1.156631
0.504319
0.308207
0.814237
1.220167
0.577883
0.741461
1.265370
0.364364
0.341457
0.709800
0.739243
0.528346
0.703781
1.506836
1.464033
0.000000
0.776872
0.968744
1.681802
1.580465
0.999798
0.847543
0.180535
0.311909
0.306761
1.611129
0.644853
1.225858
0.838948
0.120771
0.727969
1.427773
0.285201
0.251427
0.491986
0.103110
0.360534
0.574319
0.708322
0.624583
0.433907
0.311906
1.248813
0.611758
0.143738
0.646666
0.880765
1.360012
0.221271
0.505704
0.027307
0.037156
0.899114
1.523653
0.896171
1.051132
0.607302
0.535978
0.658796
1.387771
0.254292
0.835217
0.822617
0.971909
0.486457
0.000000
0.847216
1.126020
0.157749
0.760676
0.259815
1.149888
0.000000
0.374944
2.249411
0.975237
0.000000
0.808813
0.854780
1.946570
0.536923
0.000000
0.142335
0.788980
0.523440
0.555767
0.409037
0.884794
1.479100
0.661864
0.462376
0.891758
1.415087
1.451333
1.167767
0.932030
1.406345
0.416829
0.268459
1.469014
0.248651
1.496189
0.389296
0.837079
0.260897
0.295853
1.904594
0.755503
0.000000
0.462267
0.000000
0.696231
1.076690
0.000000
0.266355
0.000000
0.337173
0.456085
1.297400
0.478635
0.904577
1.354289
0.420609
0.628310
0.937475
0.000000
0.000000
0.085463
0.609022
0.284686
1.051264
0.782610
0.000000
0.678804
0.227489
0.345809
0.000000
0.530806
1.571460
0.939802
0.000000
0.705485
0.540830
0.236414
0.669580
0.000000
1.217217
1.186477
0.186779
0.301741
1.012339
0.065197
0.094327
1.960708
0.471668
0.944582
1.781661
0.958380
0.481791
0.911438
1.466222
0.438630
0.589387
1.256140
1.407282
1.916197
1.412457
0.320195
1.117644
0.341819
0.326770
1.077139
0.164033
1.182709
1.310797
0.000000
1.146958
0.287082
0.000000
2.050147
1.962562
0.605286
0.230332
0.961449
1.191613
1.379311
0.944260
0.740945
0.655694
0.651710
0.964709
0.472845
0.000000
0.416692
2.003780
0.915868
0.356604
1.268978
0.188401
1.237494
0.000000
0.000000
0.986591
0.870707
0.055207
0.366314
1.409704
1.690014
0.201001
0.316680
1.122649
1.340571
0.967981
0.667034
1.211092
1.102189
0.588719
0.000000
0.960609
0.479704
1.095627
2.238853
0.758171
1.691446
1.330048
0.534312
0.966282
0.992562
1.799484
0.909885
0.815453
0.497785
0.783738
0.454738
1.546412
1.476446
0.000000
0.574746
0.000000
0.263537
1.032863
0.579778
0.000000
1.169565
0.000000
1.764582
0.973125
1.328995
1.244770
0.251836
0.203455
0.764523
1.310418
0.552604
0.261036
0.577959
0.000000
0.000000
1.246924
0.243484
0.073337
0.629969
0.610839
0.942256
0.000000
0.191771
1.934912
1.563108
0.000000
0.330849
0.316218
1.044897
1.271039
0.000000
0.493682
1.541179
0.223868
0.770795
1.155963
1.064753
1.337953
0.933488
0.000000
1.835187
0.412255
1.699816
0.227383
0.637300
1.462657
0.245303
1.614063
1.717016
0.000000
1.590357
1.783161
0.547622
0.414171
1.104913
1.144214
0.000000
0.184703
1.508246
3.121652
1.218660
0.084510
0.000000
2.283276
1.716125
2.074366
0.000000
0.195202
1.236245
0.725130
1.001480
0.884646
0.629011
1.140773
2.338429
1.816002
1.311006
0.796691
0.000000
0.558728
1.305892
0.974535
0.096549
0.838736
1.409040
0.186494
1.072950
0.975679
0.000000
0.000000
0.000000
3.166094
1.856469
1.019758
0.693042
2.033453
1.454811
0.954361
1.398304
0.130356
0.778014
0.654764
0.719944
0.236676
0.240647
0.872552
1.538571
1.099953
1.011119
0.076874
0.049172
0.866931
1.935207
0.020440
0.996092
0.130945
2.006180
0.176025
0.166473
1.558881
1.026622
0.000000
1.171263
0.471882
0.987590
0.915616
0.000000
1.011039
0.059578
0.000000
0.826589
0.707241
0.995395
0.355970
0.654203
0.505602
0.000000
0.806208
1.251309
0.899893
1.198474
0.579201
0.588930
0.077614
1.070828
1.448289
0.679988
1.573192
0.601595
0.977794
0.354127
0.000000
0.040025
0.559432
1.292921
1.025148
0.000000
0.468372
1.946425
0.066505
1.028786
0.000000
1.525932
0.112080
0.673898
1.146017
0.551374
0.092330
0.539065
0.781558
0.578835
0.812918
1.084891
1.867867
0.785885
0.917141
0.929453
1.202026
0.853037
2.046185
0.618016
1.225586
0.142557
1.864707
1.697151
0.147593
0.908120
1.181716
0.377491
0.524479
0.564826
0.611043
0.906933
0.490702
1.429550
0.714693
0.243320
0.317879
2.725854
0.631197
1.203684
1.188177
0.167771
0.842325
0.636710
1.668646
0.180351
1.081345
0.221267
0.985801
0.041605
1.169022
0.425764
1.047129
0.584949
1.399565
0.072394
0.000000
2.291987
0.000000
0.434590
0.560731
0.000000
1.913232
3.026375
2.248033
0.433219
1.549079
0.674966
1.142532
1.352941
0.535864
0.797989
0.780442
0.059389
0.000000
1.041075
0.388495
0.869934
2.229466
1.574841
0.376146
1.024228
1.170868
0.000000
0.458652
0.463536
0.366121
0.000000
0.175334
0.698818
0.390836
0.158988
1.101645
0.000000
1.396798
2.019581
1.230890
1.177141
0.060680
0.094753
0.380260
0.715715
0.327996
1.264631
0.664267
0.696094
0.161386
0.722553
1.297410
0.634216
0.142023
0.504782
1.279339
1.200684
1.604205
0.157275
0.625677
0.016967
0.669398
0.480959
0.868330
0.026097
0.797300
0.950418
0.581675
0.993171
0.625117
0.000000
0.375240
1.262788
1.060975
1.365382
0.409709
0.725244
0.407415
0.000000
0.708363
1.240276
0.855889
0.184332
0.362221
0.337889
0.741839
1.100965
0.669432
0.253798
0.102913
1.385964
0.861641
0.108370
0.877317
1.697054
1.091516
1.066854
1.668154
0.615736
0.000000
1.285896
1.116399
2.026297
0.142260
0.475877
0.895724
1.347219
1.140221
0.631903
0.401120
1.379039
0.651879
1.284332
1.339269
0.000000
0.854868
0.576126
0.743608
0.102176
0.444397
0.979398
1.008583
1.625537
0.321746
0.472918
1.506900
1.060796
0.000000
0.284706
1.637190
1.071197
0.648194
0.129957
0.985698
0.266269
0.244890
0.840140
0.998093
1.008781
1.123407
0.000000
0.062736
0.787358
0.954765
0.987185
1.542504
0.953040
0.993601
0.029599
1.189296
0.846665
0.660620
1.480923
0.431124
1.316242
0.433347
0.779966
0.751130
0.677832
0.000000
1.190657
0.439302
0.743645
0.215240
0.091370
0.000000
1.574858
0.429361
0.274175
1.221578
0.876923
1.347437
0.106949
0.362150
1.034251
0.357577
0.737733
0.581321
0.371866
0.000000
0.532338
1.256185
0.859867
0.156632
1.218776
0.000000
1.014053
0.000000
0.418068
1.203672
0.643741
0.000000
0.736223
1.011953
0.805069
0.438595
0.000000
1.175851
1.514023
0.273719
0.328680
0.655496
0.775105
0.138260
0.602677
0.864133
0.000000
1.075434
1.163352
1.208745
0.728747
1.234193
0.707209
0.943896
0.643214
1.370601
0.330076
0.267365
0.493067
1.461783
0.000000
0.000000
1.242304
0.125337
0.653781
1.138188
0.501846
0.403096
0.859650
1.537347
1.025898
1.034401
1.223156
0.893091
0.391682
0.813279
1.085049
0.566284
0.000000
0.516203
0.644538
0.274219
0.158808
0.634798
1.299096
1.086689
0.699284
0.877751
0.888677
0.623463
0.245936
0.959349
0.527377
0.155188
0.274591
0.085416
0.883653
0.877306
0.000000
0.454802
0.514458
0.794078
0.930793
0.055344
0.491173
0.688855
0.782882
0.000000
1.558559
0.290474
1.004410
1.588391
0.000000
0.443171
0.285584
0.878983
0.000000
1.579163
0.188602
0.000000
0.013516
0.232615
1.314188
1.019735
0.014049
0.849334
0.872811
0.261266
0.344919
1.483358
0.631973
0.615508
0.530232
1.252418
1.162726
1.498126
1.338690
0.984423
1.251408
1.962368
0.000000
0.759995
2.166322
0.637006
1.267043
0.625024
1.450939
1.564168
0.363607
0.825878
0.887942
0.049885
1.233725
0.614410
0.716651
0.240198
0.760425
2.882059
0.235064
0.000000
0.415447
1.849668
0.539936
0.588732
0.213781
0.011696
0.926726
1.529900
1.293115
1.081592
1.239556
1.940609
0.608731
0.374889
0.952071
0.000000
2.162275
0.956852
0.682654
0.632406
1.006120
1.172452
1.060848
0.807939
1.337553
0.998287
1.718206
0.240770
0.514213
1.451120
0.879411
0.240889
0.531452
1.477424
1.188589
0.000000
0.581791
2.488491
0.612362
0.259757
0.460728
0.786138
1.458547
1.111681
0.638261
0.567646
0.451979
1.963416
1.299624
0.494649
1.117984
1.569502
0.113666
1.339014
0.746064
0.725978
0.928884
0.908771
0.518966
0.122810
0.469108
1.650866
1.488067
0.000000
0.793251
0.176497
0.671248
0.855707
0.000000
0.567868
1.682914
0.240441
0.892748
0.205081
0.000000
1.257362
1.296808
0.000000
0.690886
0.157122
0.245011
0.000000
0.798972
0.872151
0.063480
0.659573
0.360916
0.348153
0.099452
0.853864
0.340681
0.000000
0.657626
1.871610
0.398530
0.000000
0.868180
0.000000
0.583924
1.580617
0.000000
0.356192
0.403730
1.418724
0.615076
1.320164
0.092842
0.548254
2.048144
0.398603
0.000000
2.115600
0.000000
0.433818
0.991040
1.317501
1.018104
1.180551
0.604573
1.834954
0.042172
1.512732
0.000000
1.781737
0.423945
0.000000
0.790575
0.454491
1.818572
0.294887
0.028833
0.270167
0.844086
1.248224
1.539099
1.497144
0.712192
0.000000
0.609564
0.572581
0.799362
0.335567
1.023204
0.012249
0.883650
1.401480
1.142493
1.417647
0.315549
0.531827
1.728378
0.406628
1.501114
0.679932
0.462043
0.782326
0.305122
0.898038
0.797896
0.600687
0.962991
1.614347
0.288517
0.137680
0.135862
1.527070
0.453635
0.493695
0.970829
0.414839
1.270475
1.312201
0.000000
0.736218
0.194513
0.088790
1.605136
1.386202
0.980269
0.628165
0.275410
0.036792
0.996844
0.410296
0.379834
0.000000
1.149486
0.727264
0.466016
0.999031
0.801388
0.000000
0.652551
0.954352
1.653594
0.405940
0.575513
1.316288
0.667489
0.149590
1.326746
0.654774
1.032656
0.907642
1.229277
0.482732
0.691990
0.314930
0.327593
0.544653
1.447175
0.651991
1.577430
1.911215
0.376136
1.482884
0.466715
0.912337
0.697740
0.752113
0.212179
0.959375
1.808033
0.018413
0.549887
0.000000
0.966534
0.909294
0.095700
0.285241
0.437220
0.000000
2.074399
1.876294
1.661949
1.142691
0.275239
0.260704
1.385530
1.578074
0.796147
0.884395
0.674432
1.185430
0.367019
2.086006
0.788217
0.445643
0.486254
0.808560
0.000000
0.376088
0.388991
0.991828
0.801158
0.105027
0.490300
1.301597
0.753647
0.256562
0.713098
0.535139
3.232662
0.838027
0.892154
0.000000
0.518268
0.400492
1.678688
0.505457
1.201807
1.013023
0.769748
0.412761
0.519994
0.000000
1.168149
0.931884
0.879284
1.362510
1.400764
0.855503
1.586854
0.739332
0.600394
0.341607
0.000000
0.339542
0.479500
2.729557
1.477790
0.082874
1.564502
1.468578
2.127291
1.081323
1.286298
1.420345
1.151275
0.364885
0.806785
0.490870
1.028977
0.828441
1.123628
0.133700
0.936697
1.949273
0.000000
1.324664
0.501035
0.120839
0.592186
0.571315
0.000000
0.839421
0.000000
1.335818
1.014911
0.000000
0.439730
0.530408
1.088165
0.309025
0.248578
0.053260
0.721686
0.719732
0.638153
0.093037
0.418007
0.903110
0.491948
0.277461
0.636133
1.686825
0.213543
0.892524
0.577833
0.221743
0.399255
0.473631
0.473742
0.580288
1.067715
0.399738
1.654110
0.762340
0.128344
0.744816
0.807794
0.000000
0.102771
1.271178
0.902010
0.558572
0.594951
0.835052
1.246804
0.103615
0.818091
0.603299
0.944216
0.427045
0.228548
0.354722
0.775384
0.000000
0.834798
0.927241
0.152060
0.527485
0.831412
0.454931
0.362456
0.225169
0.895803
0.587519
0.350591
0.443718
0.229606
0.315161
0.083328
0.528046
1.005394
1.050374
0.118658
0.000000
0.779052
1.062217
0.274284
0.433991
0.146876
0.049400
0.901689
0.217389
0.219463
0.319167
0.037652
0.610710
0.932070
1.201369
0.562733
0.534043
0.306831
0.267031
0.573463
0.951705
0.718375
0.166126
0.872709
0.197705
0.006919
0.350246
1.005258
0.043108
0.470569
0.496591
0.872908
0.000000
0.701326
0.000000
1.121919
0.000000
0.627105
0.654555
1.270877
0.000000
1.165630
0.273552
1.417970
0.909690
0.400144
0.997929
1.207056
1.433843
1.285702
0.418439
1.121321
0.992425
1.392436
0.839980
0.247414
0.897680
0.000000
1.682817
1.183851
0.021186
0.000000
0.087087
0.748388
0.218173
0.714259
0.000000
1.470837
0.267005
0.664730
0.144443
0.734854
0.970414
0.000000
0.679961
0.794396
1.519260
0.391433
0.938652
0.201166
0.979583
1.276165
0.425082
1.259556
1.387583
1.147558
0.433187
0.437266
1.671729
0.052960
1.354658
1.579658
0.314942
1.273258
1.237529
0.582390
0.833093
0.230904
2.036344
1.088792
1.307671
0.000000
1.278803
0.846970
1.432542
0.416633
0.566170
1.204949
0.000000
2.002498
0.509565
1.716994
1.341126
0.865441
1.437961
1.037741
0.572768
1.289026
0.917444
0.558242
0.244974
0.547996
0.859498
1.105555
0.746799
0.911422
0.880557
0.288340
0.109617
1.388231
0.999723
1.488026
0.000000
1.753953
0.000000
0.706557
0.840840
0.373722
0.183426
0.837024
1.084569
0.457347
0.980238
0.012941
0.390938
0.159873
0.125444
1.329032
0.000000
1.607703
0.000000
2.098958
0.342213
0.384668
1.236576
0.196167
0.225886
0.989729
1.818360
2.049611
0.000000
1.193864
0.772246
1.084563
0.365071
0.600187
0.704684
0.894210
0.532468
0.487183
0.474464
0.000000
0.697546
0.326740
0.894878
0.443409
0.972820
0.852691
1.681393
1.229872
0.822113
0.663789
0.312644
0.321357
0.448851
0.286449
0.521017
0.000000
0.866455
1.040724
0.542694
0.458510
0.136432
2.016613
1.109513
1.358986
1.011659
2.024359
0.964124
0.572656
0.804644
1.265281
0.766065
1.511329
1.358687
1.248935
1.001799
1.656629
1.958361
0.000000
0.933538
0.367218
0.315791
0.543618
0.604289
0.268393
0.617059
0.149274
1.930143
2.699564
0.032809
0.000000
0.000000
1.259512
1.697096
0.000000
1.130912
1.402459
1.104072
1.238355
0.596987
1.479995
1.419111
1.308937
0.463443
0.383082
2.520444
0.648780
0.466187
1.152615
0.334074
0.137696
1.238044
1.950328
0.277802
2.051877
0.000000
1.868266
0.640169
0.195982
1.692840
0.667006
0.090777
1.345715
0.525876
0.948349
0.983536
0.000000
1.121363
1.994455
0.251069
1.122008
0.902974
0.539807
0.559470
0.869365
0.547934
1.275913
1.578639
0.808235
0.525284
1.232950
0.973057
0.000000
0.368240
0.460773
0.724180
1.259093
0.453985
0.460791
0.259862
0.000000
1.247568
1.256444
0.000000
1.206444
0.688250
0.425017
1.094987
0.000000
0.281048
0.066619
1.004267
1.360374
0.281572
0.418422
0.000000
0.578884
0.000000
0.120464
1.111433
1.031077
0.706785
0.781693
0.554021
0.111156
1.112049
2.219809
0.202200
1.619017
0.170244
0.588627
0.771414
0.563950
0.760293
0.526334
0.649772
2.151838
1.551887
0.657692
0.000000
0.000000
0.960600
2.994554
1.767227
0.884434
0.000000
0.433974
0.761861
1.084370
1.104015
1.710784
1.572105
1.531340
1.381015
1.210497
1.087586
0.423408
0.786775
0.729330
0.543037
0.849050
0.568141
1.119062
0.567023
0.662232
1.405259
1.405401
0.000000
0.524829
1.903991
1.057577
0.937058
0.738674
0.000000
0.000000
1.461454
0.315038
0.935467
0.563960
1.275682
0.494793
0.096685
1.965660
0.000000
1.027549
0.435918
1.635428
1.269480
1.142317
1.170386
0.925893
0.000000
1.801735
0.871228
0.808502
0.000000
0.424418
1.741369
0.510961
0.153822
0.834648
0.539488
0.796960
1.135348
0.000000
1.484705
1.429775
0.000000
1.075319
1.207587
0.987700
0.480391
0.609254
0.289122
0.000000
0.678339
0.595419
1.185950
0.976407
0.551863
0.760156
2.143765
0.147257
0.659721
0.000000
0.254447
0.660594
0.521627
0.388471
0.520250
0.292597
0.000000
0.338193
0.204125
0.140504
1.214508
0.000000
1.010261
2.056261
0.000000
1.072595
0.407052
1.559227
0.207908
0.654952
0.373910
0.670228
1.387190
0.472934
1.409219
0.595855
0.306160
0.520341
1.005522
1.058659
0.722342
0.784007
0.988906
0.105187
0.556690
0.000000
0.479409
1.195716
0.276931
0.226914
0.498371
0.462068
0.436665
1.189244
0.383722
1.051845
0.000000
0.728573
0.352481
0.163106
0.772515
1.726804
0.000000
0.169325
0.528579
0.991495
1.095879
0.718014
0.635796
0.846117
0.394310
0.738647
0.703685
0.576095
0.358296
0.882591
1.141712
0.372511
0.582054
0.713145
0.763984
1.072035
0.385979
0.705458
0.000000
0.768086
0.735692
1.174482
0.283722
0.457066
0.819207
0.400468
0.000000
0.857090
0.326994
0.114665
0.652876
0.000000
1.191914
0.000000
1.381701
0.509489
0.770172
1.224798
0.285925
0.899366
0.418597
0.578008
0.865146
0.351205
0.000000
0.029963
1.060129
0.758035
1.468458
0.318732
0.000000
0.769127
1.113717
1.099621
0.559140
0.311167
0.000000
0.620008
0.000000
1.320466
0.077277
0.515166
0.842299
0.583355
0.155020
0.574578
1.528162
0.321086
0.461834
1.542066
0.824272
0.865274
0.513746
1.064586
1.046656
0.000000
0.730817
1.314979
0.182475
0.357736
0.738157
0.626791
0.000602
1.015995
0.236201
0.128621
0.077335
0.724844
0.571150
1.145707
0.463583
0.000000
0.249329
0.533334
1.014651
0.409132
0.568316
0.188975
0.000000
0.000000
0.812897
0.692382
0.000000
1.067434
0.000000
1.236200
0.000000
0.448747
1.549615
1.469100
0.000000
0.209331
0.934027
0.862329
0.482468
0.000000
0.196920
0.684698
0.000000
0.832933
0.564152
1.552750
1.677709
0.000000
0.134754
0.379733
1.224631
0.832142
0.747841
0.276169
0.937643
0.000000
0.074027
0.998951
0.985399
1.118327
0.474575
1.154752
1.235216
0.796538
1.085507
0.123247
0.603400
1.065769
2.014572
1.396409
0.000000
0.918678
0.822868
2.141184
0.904517
1.285382
0.000000
0.215743
0.695821
0.485079
0.340260
0.594071
0.000000
1.595469
1.674859
0.855838
0.946690
0.974849
0.000000
2.031705
1.173217
0.596824
0.913421
1.411543
1.707646
0.671902
0.522774
0.813764
0.226660
1.647571
2.287445
1.586730
0.000000
1.559331
1.798555
0.618495
1.758139
0.507410
0.595548
0.816042
0.575489
0.373177
0.190949
0.677168
0.244454
1.184019
0.755132
1.346990
0.000000
0.398497
1.210367
0.873287
0.571423
1.102776
0.000000
1.085206
0.000000
0.339765
0.592350
0.971297
0.076484
1.196524
0.268299
0.634230
0.240979
0.221057
1.358086
1.431179
0.529371
0.906528
0.603288
0.000000
0.249695
0.949149
0.193880
0.519303
1.644892
0.361328
0.591954
0.291120
1.387091
2.589115
0.546477
1.176869
1.321943
1.441288
1.836046
0.000000
1.106491
0.013786
0.000000
0.000000
0.360029
0.956029
0.773559
0.147334
0.000000
1.530635
0.344699
2.556696
1.031884
0.067759
0.852606
1.035921
0.377338
0.977169
0.066066
0.654338
0.783738
0.973735
0.000000
0.694410
1.432669
1.626544
2.132089
0.602422
1.720150
0.606709
1.830258
0.000000
1.425512
0.000000
1.734589
1.878240
0.634451
1.048935
0.238869
0.000000
0.970908
1.001935
0.216266
1.724145
0.603311
0.586101
0.522847
0.144138
1.462372
0.730030
0.216686
0.063979
0.020976
0.187092
0.403981
0.306041
0.369025
0.541680
1.102572
0.824634
0.028938
1.076923
0.692378
0.081666
0.631768
0.693690
1.307218
0.000000
0.339736
1.334184
0.176198
0.000000
0.245207
0.810551
1.540194
0.279747
0.671954
0.000000
0.540640
1.185673
0.538488
0.199246
0.499031
0.819558
0.684845
1.308129
0.518611
1.432990
1.750894
0.000000
1.594023
0.000000
0.463840
0.000000
0.268990
0.357163
0.925048
0.525515
0.792882
0.936887
0.248872
0.614780
1.015568
0.328151
0.312938
0.427122
0.818663
0.824946
0.955266
1.103287
0.392566
1.225597
1.599743
0.467498
0.527731
0.485467
1.813232
0.538239
1.436830
0.975638
0.000000
0.421830
1.117018
0.977329
0.835186
1.710440
0.870014
0.808424
0.320770
0.000000
1.131905
1.272274
0.647332
0.917100
1.249555
0.784545
0.486012
0.977149
1.435847
1.061148
0.172832
1.423180
0.911893
1.792084
0.449436
0.000000
0.619809
0.304974
0.245247
1.452666
0.815949
1.536740
1.346688
0.000000
1.449870
1.253716
0.210572
0.724424
0.000000
0.905074
0.714612
0.075952
1.569741
1.591755
0.260846
1.224809
0.000000
1.392036
0.382170
0.650203
0.000000
1.373660
0.000000
1.313120
0.905524
0.863501
1.291150
1.008428
0.000000
0.817919
0.562460
0.457814
0.583797
0.777097
0.556581
0.715860
2.023337
0.804698
0.299156
0.232214
1.300257
0.911714
0.000000
1.048650
1.585667
0.000732
0.000000
0.828503
0.000000
0.855426
0.435953
0.180175
0.709522
0.799449
0.806240
1.499668
1.246223
0.000000
1.900492
1.134299
0.101633
0.412712
1.329316
0.000000
0.000000
0.357596
0.361868
0.313922
0.748859
0.390010
1.087408
0.516535
2.188009
0.026993
0.035566
0.838706
1.123604
1.225758
0.000000
0.312184
0.827330
0.905972
1.020930
0.070264
1.356813
0.367948
0.818509
0.858424
0.196527
0.057019
0.825749
1.356120
0.363558
0.984057
1.516400
0.797212
0.821479
0.810908
1.694894
0.982943
0.001781
0.688262
1.005156
1.339338
0.536288
1.070282
1.263377
0.533652
1.902729
0.520252
0.000000
1.185492
1.346983
0.615049
0.614314
0.000000
0.918926
0.614560
0.914015
0.651178
0.210154
1.533660
0.702993
0.879434
0.000000
1.325533
1.164743
1.516440
0.510077
1.310229
0.784085
0.920147
2.195632
1.734218
1.144558
2.509216
1.703511
0.988191
1.008208
0.623047
0.000000
1.328679
0.864047
1.072566
0.998226
0.649945
0.000000
1.785501
1.024914
1.776779
0.156598
0.769023
0.922723
0.591066
0.050184
1.046973
0.267860
0.000000
0.859538
0.737844
0.871066
1.541180
0.321799
1.075119
0.652776
0.887306
1.360281
0.753367
0.447676
1.220330
0.320916
0.150238
0.534598
1.429419
0.136514
0.571247
0.000000
0.353132
0.387771
0.908047
0.532437
0.734828
0.000000
1.470332
0.349045
0.707082
0.634216
1.304240
0.007881
0.220332
0.433159
0.319717
0.074981
0.000000
0.335122
0.227655
1.212217
0.440375
0.755851
0.323604
0.670274
0.000000
0.788783
0.409546
0.778790
1.357363
0.050042
0.348754
0.000000
0.309275
0.746228
0.000000
0.902069
0.970261
0.283096
0.433644
0.000000
0.142083
0.597768
0.689324
0.742120
0.516210
0.131313
0.315448
0.653270
0.000000
1.025219
0.392126
0.661092
0.000000
0.000000
0.437053
0.086116
0.856709
0.636705
0.487875
0.800511
0.096764
0.172025
0.587049
1.012374
1.000507
0.000000
0.360200
0.942868
0.708821
1.164886
0.000000
0.421412
1.283878
0.695789
0.144634
0.743281
1.082072
0.730182
0.996670
1.133084
1.381370
0.551302
0.000000
1.279203
0.280881
1.054070
0.438833
0.144983
1.165381
0.152807
0.325199
0.925667
0.736681
0.083713
1.403068
1.721848
1.171466
0.000000
1.200373
0.598673
0.677048
1.562028
1.615666
0.102120
0.422689
0.000000
0.499417
0.286688
0.118900
1.299131
1.012034
1.404552
0.999056
0.782785
0.852789
0.554793
1.731416
1.745966
1.011072
0.621591
1.124089
2.220859
0.267659
0.000000
2.174915
1.131446
1.171919
1.686025
1.954531
0.000000
1.646754
0.163021
1.907335
0.713182
2.291803
0.000000
0.804315
0.999103
1.193635
0.787470
0.602093
1.132418
0.004804
0.990766
0.000000
0.598801
0.063568
1.181657
0.851974
0.000000
0.562672
0.708652
0.741246
0.149935
0.492325
0.634316
0.287208
0.019872
1.781842
1.449637
1.189181
0.517057
0.021983
1.608760
0.074145
0.896067
0.849496
0.842058
0.447947
0.813350
0.691462
0.735981
0.389603
0.105288
1.646519
0.135013
2.041149
1.045286
1.113056
0.650334
0.954262
0.682714
1.578837
0.532795
0.730381
0.381585
0.467506
0.865402
0.777849
0.000000
0.614333
0.246171
0.696987
0.336232
0.693187
0.762564
1.305235
0.501933
1.433788
0.411673
0.437890
0.837427
1.141092
0.142231
0.981590
1.849593
0.885270
0.349900
0.882289
0.998963
0.682043
0.470387
1.163524
0.430594
1.383486
1.686841
0.446482
0.671558
0.310918
0.578957
1.129550
0.242743
0.820113
1.847234
0.759051
0.369195
0.638828
0.087890
0.610479
1.029738
0.965843
0.425950
0.419500
0.000000
1.014664
0.125583
0.379325
1.044840
0.176018
0.600112
1.312602
0.309641
0.681351
0.000000
0.746228
1.146533
0.818279
1.114235
0.433273
1.211441
0.000000
0.256408
0.491540
0.481281
0.765468
0.922316
0.419444
0.000000
1.594363
0.983912
0.775920
0.172549
1.071774
0.526341
1.020390
0.000000
0.559348
0.164354
0.249553
1.013785
0.896550
0.799733
0.065874
0.688410
0.870586
0.837487
0.834339
1.109306
0.386260
0.615757
0.441322
1.223494
0.360736
0.000000
1.660708
0.040682
0.926872
0.669246
0.622673
0.317118
0.461960
0.630114
1.264334
1.053517
0.471540
0.170139
0.194648
0.352138
0.116712
0.000000
0.392512
0.231617
0.573960
1.072509
0.447511
0.782866
0.971551
0.423783
0.463573
0.931528
0.571817
1.018705
0.231145
0.814382
0.459596
0.322709
0.682303
0.891805
0.641648
1.068234
0.155238
0.095167
1.037017
0.000000
0.467638
0.708741
0.588519
0.423335
0.412088
0.445568
1.507801
0.000000
0.669030
0.693756
0.942653
1.035519
0.467517
0.718909
0.995445
0.000000
0.866980
0.924165
0.822981
1.186563
0.650457
0.805239
0.533000
0.000000
0.720720
0.801820
1.091635
0.978042
0.763942
0.000206
1.317845
1.368302
0.658155
1.063793
0.728269
0.175538
0.079790
0.805244
0.723438
0.000000
0.511830
0.745249
0.290429
0.176018
0.122294
0.310399
1.455828
0.382422
0.819692
0.916802
0.834595
0.751720
1.020353
0.564879
0.450310
0.951772
2.154976
0.187607
0.971554
0.000000
0.924551
0.910951
0.501181
2.214319
0.582524
0.363492
0.890494
0.783988
0.463708
1.028754
1.042014
0.600424
0.247358
1.262908
0.574131
0.644422
1.255826
0.510166
0.560890
1.110597
0.613100
0.446161
1.574691
0.807624
0.000000
0.153729
0.410472
1.333666
0.852749
0.000000
0.779429
0.136808
0.473140
1.246131
0.000000
0.839369
0.216692
0.509374
1.471503
1.524990
1.418930
0.973523
0.531728
0.680381
0.173198
0.884342
2.078862
1.149259
2.024865
1.233949
0.117521
0.932544
1.944762
1.200801
0.380627
0.000000
0.000000
0.144017
0.100222
1.965894
1.318124
0.011236
1.829415
0.000000
0.676966
1.037476
0.059046
0.118019
0.776872
0.000000
1.278161
1.584060
0.472377
0.000000
1.304860
0.437363
0.382594
0.800983
0.522407
0.472201
0.455150
0.273810
0.000000
0.856559
1.031172
0.000000
0.209120
0.565052
0.067141
0.585385
0.631119
0.000000
0.185644
0.259310
2.200524
2.380689
0.534863
0.171862
0.000000
2.000222
0.937567
1.402027
0.751187
0.000000
0.365715
1.596327
0.977742
0.185263
1.433334
0.668320
1.025158
0.302454
0.785301
0.799307
0.611031
0.000000
0.276195
0.000000
1.327750
0.147098
2.094870
0.416519
0.274163
2.578866
0.963930
0.000000
0.000000
0.729807
1.392475
1.475294
0.165169
0.236125
0.000000
0.683652
0.385190
1.069474
0.161425
0.579034
0.683299
0.061051
0.000000
1.138832
0.000000
0.556178
0.000000
0.683771
0.364711
0.803609
1.030972
0.213394
0.000000
0.817787
0.000000
0.304566
0.223672
0.169979
0.000000
0.000000
0.922072
0.000000
0.224340
0.363670
0.000000
1.530396
1.144202
1.008303
0.003454
0.539353
0.641649
0.000000
0.931754
0.486657
0.000000
0.874549
0.309892
0.770730
0.683406
0.240265
0.787852
0.640211
0.243673
1.695983
0.247581
0.603920
0.004833
1.579402
0.000000
0.000000
0.422744
0.650513
0.173448
0.719611
0.424297
0.000000
1.353002
0.806006
1.941441
0.401000
1.206321
0.000000
0.370715
0.040885
0.833235
0.457572
0.489158
0.336172
0.066237
0.581883
0.792828
1.109708
0.706680
1.053741
0.606987
0.108009
0.986176
1.032923
0.953163
0.844805
0.653642
0.331126
1.599120
0.309205
1.336981
1.527171
0.502579
0.000000
0.757432
0.759442
1.277697
1.349411
0.473966
0.465583
0.373327
0.000000
1.313275
0.631969
0.000000
1.215205
0.687704
1.239700
0.862388
0.761866
1.872766
0.802272
0.567752
1.336814
1.356203
1.005864
0.000000
2.001408
0.501688
0.224780
1.669270
0.563360
0.940287
1.530404
0.347582
0.032550
1.822443
0.619284
1.491131
0.972533
1.592249
1.314841
0.624205
0.000000
1.721720
0.359670
0.090185
0.890049
0.773528
0.680151
1.023493
1.006790
1.101801
1.052132
0.215353
1.042763
0.000000
0.539335
0.058892
0.648355
0.206526
0.129716
1.034759
0.000000
0.190036
0.247671
0.728884
1.083982
0.404971
0.774331
0.741891
0.000000
1.096808
0.377943
0.462540
0.000000
1.634899
0.278462
0.061791
0.359678
0.875993
1.046175
0.140517
0.437063
0.720200
0.348761
1.299361
0.474177
0.763689
1.488438
1.436377
0.312828
0.359278
0.561802
0.586011
0.497029
1.897932
1.675897
1.529898
0.000000
1.024344
1.090787
0.957827
0.711946
0.816672
0.896828
0.850969
0.147406
0.000000
0.333494
0.534199
0.996513
0.765612
0.865641
0.598091
1.067708
0.697571
1.320812
0.948525
0.543243
0.727606
0.371299
0.517045
0.224386
0.034121
0.280586
0.178143
0.058593
1.070954
0.978101
0.771515
0.167215
0.526483
0.340906
1.373512
0.876730
0.301545
0.107398
0.265455
0.585661
0.079666
0.000000
0.182741
0.472160
0.783569
0.909818
0.521179
0.578680
0.756599
0.114455
0.521440
0.902394
1.018594
0.383250
0.594136
1.341306
0.042466
0.360712
0.494852
0.480870
0.610599
0.951690
0.264791
0.000000
1.264241
0.150506
0.582537
0.775784
0.000000
0.756954
0.044699
0.392735
1.228521
0.042852
0.000000
0.315308
0.812885
0.536337
0.000000
0.276984
1.302426
1.055692
0.825198
0.891339
0.000000
0.645867
0.069582
0.954858
0.644880
0.000000
0.473428
0.331376
0.624204
0.561610
0.527983
0.000000
0.940759
1.600822
1.153875
0.637815
0.302213
0.301760
0.334043
0.000000
1.616565
0.254864
1.000350
0.932531
0.000000
0.438258
1.019626
1.431150
1.155658
0.822819
0.663078
0.593228
0.685280
1.871150
0.413117
1.790351
0.620292
0.000000
0.371844
1.049997
1.237663
2.376894
0.976935
0.115349
1.954239
0.929144
1.456245
1.749223
1.351749
0.352354
0.607973
0.330853
1.837119
0.604283
1.624529
0.665259
0.515497
0.583816
1.265231
0.942505
0.507063
1.056996
0.507325
0.688555
0.893456
0.773197
0.371354
1.303174
0.000000
1.048337
1.077463
0.168301
0.255583
0.168910
0.879946
0.151946
0.211249
0.153714
1.300690
0.931796
0.730099
1.189519
0.000000
1.579880
1.049672
0.168076
0.654139
0.000000
0.442873
0.352270
0.537832
1.025521
0.293850
0.852412
0.045058
0.036120
0.504589
1.722075
0.149976
0.000000
0.894835
0.833385
0.000000
0.000000
1.046256
0.632392
0.581545
0.458871
0.000000
1.120621
0.000000
1.395395
0.209826
0.400616
0.569131
0.756332
0.000000
0.227319
0.884908
0.942084
0.551520
0.807008
0.023851
0.657530
0.393736
0.965346
0.376702
1.843892
0.286472
1.235182
0.217857
0.635487
0.417904
0.546418
0.505546
0.009010
1.124425
0.463489
0.630765
0.218648
0.000000
0.286912
0.714083
1.155108
0.000000
0.000000
0.266176
0.931153
0.385244
0.000000
0.517266
0.074484
0.600672
0.436954
0.668566
0.863568
0.951762
0.195800
0.327983
0.528659
0.518712
0.776252
0.192489
1.120034
0.786093
0.000000
0.667143
0.521132
1.293865
0.757374
0.509946
0.000000
0.807463
1.586104
0.000000
1.253094
0.091018
0.582024
0.867576
0.564148
0.093899
0.961133
0.074161
0.874905
0.390749
0.472577
0.388741
0.632194
0.965087
0.846701
0.016355
1.004595
0.564899
0.361506
0.657963
1.231865
0.372637
0.846833
1.555410
0.857506
0.000000
0.585430
0.388282
0.000000
0.911337
1.242054
0.397516
0.540823
0.757240
0.873104
0.876161
0.919994
0.000000
0.405535
1.216570
0.233278
0.945495
0.376043
0.573830
0.700370
0.000000
1.116892
0.552229
0.000000
0.619122
0.219361
0.587504
0.398866
0.498319
1.911261
1.229854
0.000000
0.531995
0.818243
0.288998
0.237029
0.000000
0.000000
0.152370
0.056885
0.224113
0.157682
0.476774
0.794940
0.136229
0.000000
0.000000
0.514506
0.543452
1.039114
0.455619
0.236363
1.170770
0.760031
0.525368
0.843601
0.314975
0.243787
1.147393
0.941230
0.435693
0.000000
0.158274
0.351810
1.016880
0.359656
0.975477
0.000000
1.088402
1.314382
0.903182
0.559162
0.877628
