0.000000
0.641412
0.034628
0.000000
1.414534
0.000000
1.635940
0.000000
0.188703
3.414424
0.000000
0.000000
0.000000
0.000000
1.310223
0.830434
0.000000
0.000000
2.058158
5.284556
0.582460
0.000000
3.499802
2.680772
0.000000
0.000000
0.000000
0.000000
0.000000
0.000000
1.122388
0.000000
0.000000
2.266799
1.943874
0.591243
0.000000
0.000000
0.110684
0.000000
1.596223
1.238875
0.867166
1.534645
0.000000
6.331630
2.278728
1.166977
0.000000
0.000000
0.000000
4.842693
0.000000
0.000000
0.000000
0.000000
0.000000
0.000000
3.361846
4.671687
0.000000
1.973131
0.000000
0.000000
0.000000
4.199544
0.000000
0.000000
0.950830
0.000000
0.219842
0.000000
1.951391
1.492506
0.000000
0.751664
0.000000
0.000000
2.546228
0.000000
0.000000
0.017490
1.386336
0.784935
0.000000
0.000000
0.518422
5.004076
0.000000
0.000000
0.000000
0.000000
0.000000
0.000000
0.660551
0.000000
0.000000
0.000000
0.000000
3.471583
0.000000
0.000000
0.000000
0.000000
1.325432
0.000000
0.000000
1.867217
0.000000
8.169428
4.741407
0.000000
0.000000
0.000000
0.000000
2.405839
0.000000
0.000000
0.000000
0.000000
0.000000
0.000000
2.354936
6.041963
0.000000
0.004974
0.000000
0.000000
0.000000
3.825874
0.000000
0.000000
4.890012
0.000000
1.820004
0.000000
0.000000
0.000000
0.000000
0.214365
0.000000
0.000000
2.040776
0.000000
0.000000
2.270836
2.255528
0.859853
0.000000
0.403142
2.026297
3.798412
0.000000
0.000000
0.000000
0.000000
0.000000
0.000000
0.000000
0.000000
0.000000
0.632157
0.000000
3.563926
0.000000
0.000000
0.000000
0.000000
2.799014
0.961283
0.000000
1.003434
0.000000
7.275043
0.101713
0.000000
0.000000
0.000000
0.000000
2.363322
0.000000
0.000000
0.000000
0.000000
0.000000
0.000000
0.000000
4.092330
0.000000
2.224820
0.000000
0.000000
0.000000
1.988778
0.000000
0.000000
2.182889
0.000000
4.301342
0.000000
0.000000
1.319152
0.000000
0.000000
0.000000
0.000000
0.674557
0.000000
0.000000
0.000000
1.214906
2.274861
0.332360
0.000000
1.642141
2.394325
0.000000
0.000000
0.000000
0.000000
0.000000
0.000000
1.163170
0.000000
0.000000
3.197209
0.000000
2.264095
0.000000
0.000000
0.000000
0.000000
3.749153
0.000000
0.000000
3.172238
0.000000
9.278337
1.074282
0.000000
0.000000
0.000000
0.000000
1.508442
0.000000
0.000000
0.000000
0.000000
0.000000
0.000000
4.800310
4.683483
0.000000
2.839526
0.000000
0.000000
1.567352
4.118880
0.000000
0.000000
4.096361
0.684557
0.982854
0.000000
0.000000
1.810954
0.000000
0.000000
0.428762
0.000000
0.000000
0.000000
0.000000
0.000000
0.000000
4.323127
0.000000
0.982050
1.354714
3.338600
0.000000
0.000000
0.000000
0.000000
0.000000
0.000000
1.011270
0.000000
0.000000
0.000000
0.000000
1.439229
0.000000
0.000000
1.529953
0.000000
2.680197
0.000000
0.000000
1.751789
0.000000
6.825298
0.583011
0.000000
0.000000
0.000000
0.000000
0.000000
0.000000
1.438085
0.000000
0.000000
0.000000
0.000000
2.691489
2.802883
1.065925
1.825337
0.000000
0.000000
0.000000
1.806590
0.000000
0.000000
0.463570
0.000000
0.867276
0.000000
0.000000
1.991727
0.000000
0.534074
0.000000
0.000000
0.863648
0.000000
0.000000
0.000000
0.008424
1.464586
0.000000
0.153509
2.222651
3.698609
0.000000
0.000000
0.000000
0.000000
0.000000
0.000000
0.134621
0.000000
0.000000
0.000000
0.000000
0.558665
0.000000
0.000000
0.743575
0.000000
3.247564
0.174774
0.000000
0.769300
0.000000
6.942334
0.901970
0.000000
0.000000
0.000000
0.000000
1.402972
0.000000
0.000000
0.000000
0.000000
0.000000
0.000000
0.906383
3.429053
0.653030
0.220260
0.000000
0.000000
0.000000
1.742171
0.329957
0.000000
3.966788
0.000000
1.114643
0.000000
0.000000
0.000000
0.000000
0.000000
0.000000
0.000000
2.296436
0.000000
0.000000
0.000000
1.398980
2.532730
0.000000
0.000000
1.951108
4.310007
0.000000
0.000000
0.000000
0.000000
0.000000
0.000000
0.000000
0.000000
0.000000
0.571162
0.000000
0.446964
0.000000
0.000000
0.000000
0.000000
4.542084
0.322334
0.000000
3.530055
0.000000
8.065096
6.088262
0.000000
0.000000
0.000000
0.000000
0.737792
0.000000
1.466125
0.000000
0.000000
0.000000
0.156724
2.482073
4.317115
0.000000
0.000000
0.000000
0.000000
0.000000
2.465449
0.000000
0.000000
3.288697
0.000000
1.013656
0.000000
0.000000
1.607616
0.000000
0.000000
0.000000
0.000000
0.375465
0.000000
0.000000
0.000000
0.667170
3.574153
0.000000
0.000000
2.299294
2.979177
0.000000
0.000000
0.000000
0.000000
0.458157
0.000000
1.241848
0.000000
0.000000
3.066329
0.000000
2.200566
0.000000
0.000000
0.000000
0.000000
2.916633
0.456041
0.000000
0.000000
0.000000
7.196949
1.008572
0.000000
0.000000
0.000000
0.000000
0.000000
0.000000
0.642426
0.000000
0.095160
0.000000
0.287828
0.000000
4.959241
0.000000
3.430335
0.000000
0.000000
0.000000
0.000000
0.000000
0.000000
2.354404
0.000000
2.108096
0.000000
0.000000
2.977643
0.000000
0.000000
0.000000
0.000000
0.559305
0.000000
0.000000
0.000000
0.000000
5.736811
0.000000
0.000000
3.589795
0.497283
0.000000
0.000000
0.425484
0.000000
0.000000
0.000000
0.000000
0.000000
0.000000
0.000000
0.357206
2.127278
0.000000
0.000000
0.000000
0.000000
3.126279
0.000000
0.000000
4.058578
0.000000
7.760839
2.083883
4.414173
0.000000
0.000000
0.000000
3.833846
0.000000
0.000000
0.000000
0.000000
0.000000
0.000000
6.319070
4.900417
0.000000
1.967092
0.000000
0.000000
0.000000
0.000000
0.000000
0.000000
2.778965
0.000000
2.892897
0.000000
0.000000
2.652466
0.000000
0.000000
0.000000
0.000000
2.283160
0.000000
0.000000
0.000000
0.000000
4.436522
0.000000
0.000000
4.719285
5.512364
0.000000
0.000000
0.000000
0.000000
0.265975
0.000000
2.122926
0.000000
0.000000
0.260697
0.000000
0.000000
0.000000
0.000000
0.000000
0.000000
5.314795
0.000000
0.000000
1.210588
0.000000
6.077479
6.181182
0.000000
0.000000
0.000000
0.000000
0.000000
0.000000
0.000000
0.000000
0.000000
0.000000
0.000000
1.285695
1.286024
0.000000
0.748882
0.000000
0.000000
0.000000
0.000000
0.000000
0.000000
5.568478
0.000000
1.638192
0.000000
0.000000
0.957707
0.000000
0.000000
0.000000
0.000000
1.461635
0.000000
0.000000
0.010887
0.000000
1.827244
0.863255
0.000000
2.444083
3.808626
0.000000
0.000000
0.210318
0.000000
0.000000
0.000000
1.007028
0.000000
0.985103
0.000000
0.055891
1.290519
0.000000
0.000000
0.000000
0.000000
2.242504
0.226650
0.000000
0.265092
0.000000
1.944384
5.846991
0.000000
0.000000
0.000000
0.000000
0.000000
0.000000
1.297217
0.000000
0.000000
0.000000
0.265498
1.678191
2.080835
0.000000
1.150497
0.000000
0.000000
0.000000
0.000000
0.000000
0.000000
3.435142
0.000000
1.722071
0.000000
0.251134
2.566086
0.000000
0.000000
0.000000
0.000000
2.254188
0.008742
0.000000
0.000000
0.000000
4.546305
0.000000
0.000000
3.157139
5.173604
0.000000
0.000000
0.000000
0.000000
0.000000
0.000000
0.000000
0.000000
0.000000
0.000000
0.000000
0.000000
0.000000
0.000000
0.000000
0.000000
2.562034
0.000000
0.000000
1.029658
0.000000
2.632780
2.084063
0.000000
0.000000
0.000000
0.000000
0.000000
0.000000
0.000000
0.000000
0.000000
0.000000
0.176101
3.082520
0.649978
0.000000
0.438460
0.000000
0.000000
1.037018
0.000000
0.000000
0.000000
3.340955
0.000000
0.000000
0.000000
0.000000
4.354616
0.000000
0.000000
0.000000
0.000000
1.382322
0.000000
0.000000
0.000000
0.000000
2.490877
0.000000
0.000000
1.394744
2.724550
0.000000
0.000000
0.000000
0.000000
0.000000
0.000000
0.000000
0.000000
0.000000
0.000000
0.000000
0.832838
0.000000
0.000000
0.000000
0.000000
1.829918
0.000000
0.000000
2.248058
0.000000
2.830176
0.689717
0.000000
0.000000
0.000000
0.000000
0.000000
0.000000
0.000000
0.000000
0.000000
0.000000
0.000000
1.520021
2.015741
0.000000
3.633584
0.000000
0.000000
1.661648
0.000000
0.000000
0.000000
1.213150
0.000000
0.534893
0.000000
0.000000
3.263129
0.000000
0.000000
0.000000
0.000000
2.299164
0.000000
0.000000
0.000000
0.000000
2.580260
0.710421
0.000000
2.225301
3.874083
0.000000
0.000000
0.000000
0.000000
0.000000
0.000000
0.000000
0.000000
0.000000
0.079688
0.435862
0.000000
0.000000
0.000000
0.000000
0.000000
1.818984
0.000000
0.000000
3.353588
0.003234
4.352214
3.503285
0.000000
0.000000
0.000000
0.000000
0.000000
0.000000
0.000000
0.000000
0.000000
0.000000
0.000000
1.951327
2.353939
0.000000
3.349614
0.000000
0.000000
0.000000
0.000000
0.000000
0.000000
5.051898
0.000000
1.989166
0.000000
0.000000
2.855301
0.000000
0.000000
0.000000
0.000000
3.046396
0.000000
0.000000
0.000000
0.000000
3.009995
0.000000
0.000000
3.552174
3.922331
0.000000
0.000000
0.187876
0.000000
0.000000
0.000000
0.442573
0.000000
0.000000
0.000000
0.405930
0.000000
0.000000
0.000000
0.000000
0.000000
1.315167
0.000000
0.000000
2.740234
0.000000
3.563666
6.332056
0.000000
0.000000
0.000000
0.000000
0.000000
0.000000
0.000000
0.000000
0.000000
0.000000
0.298477
3.197341
3.707638
0.000000
2.595039
0.000000
0.000000
0.000000
0.000000
0.000000
0.000000
1.980077
0.000000
0.000000
0.000000
0.000000
1.446560
0.000000
0.000000
0.000000
0.000000
1.331732
0.000000
0.000000
0.000000
0.538327
1.923256
0.000000
0.000000
2.039634
4.268985
0.000000
0.000000
0.000000
0.000000
0.000000
0.000000
0.471249
0.000000
0.718908
3.088517
0.560141
1.565414
0.000000
0.000000
0.000000
0.000000
1.734578
0.000000
0.000000
0.000000
0.000000
3.804089
0.975707
0.000000
0.000000
0.000000
0.000000
0.000000
0.000000
0.000000
0.000000
0.000000
0.000000
0.000000
0.000000
0.409983
0.000000
0.000000
0.000000
0.000000
0.000000
0.000000
0.000000
0.000000
3.325521
0.000000
3.221167
0.000000
1.514107
7.487389
0.000000
0.000000
0.000000
0.000000
1.884270
4.508266
0.000000
0.000000
0.000000
6.565450
0.000000
0.000000
3.963904
6.506057
0.000000
0.000000
0.000000
0.000000
0.000000
0.000000
0.000000
0.000000
0.000000
0.000000
0.000000
0.000000
0.000000
0.000000
0.000000
0.000000
3.624984
0.000000
0.000000
2.305821
0.000000
6.225206
4.238193
3.565600
0.000000
0.000000
0.122980
3.769923
0.000000
0.000000
0.000000
0.000000
0.000000
2.734382
7.255518
1.399182
0.000000
4.189994
0.481079
0.000000
0.000000
0.000000
0.000000
0.000000
5.106021
0.000000
2.199931
0.000000
0.900721
2.864516
0.000000
0.000000
0.000000
0.000000
2.685780
0.000000
0.000000
0.000000
0.000000
6.188385
0.324946
0.000000
7.208704
6.910068
0.000000
0.000000
0.000000
0.000000
0.000000
0.000000
1.482625
0.000000
0.000000
0.000000
0.363122
3.285878
0.000000
0.000000
0.000000
0.000000
1.007428
0.770504
0.000000
2.187058
0.000000
5.692955
7.001937
0.000000
0.000000
0.000000
0.000000
0.000000
0.000000
0.000000
0.000000
0.000000
0.000000
0.735976
2.921158
3.263683
0.000000
1.552319
0.000000
0.000000
0.000000
0.000000
0.000000
0.000000
5.553187
0.000000
0.675584
0.000000
0.000000
0.409837
0.000000
0.000000
0.000000
0.000000
0.000000
0.000000
0.000000
0.000000
1.613644
2.507997
0.177451
0.000000
3.566332
6.053484
0.000000
0.000000
1.645202
0.000000
0.000000
0.000000
0.000000
0.000000
0.000000
0.000000
0.000000
3.823727
0.000000
0.000000
0.000000
0.000000
2.141667
0.000000
0.000000
1.835598
0.000000
5.172613
2.354257
0.000000
0.000000
0.000000
0.000000
1.260753
0.000000
1.557553
0.000000
0.000000
0.000000
2.925526
2.872246
5.446165
0.000000
4.895313
0.000000
0.000000
0.000000
0.000000
0.000000
0.000000
3.563632
0.000000
1.329900
0.000000
0.398348
0.896284
0.000000
0.000000
0.000000
0.000000
0.750524
0.000000
0.000000
0.572079
0.000000
4.752944
0.000000
0.000000
4.591252
5.656466
0.000000
0.000000
1.245246
0.000000
0.000000
0.000000
1.015370
0.000000
0.000000
0.000000
0.360091
1.622755
0.000000
0.000000
0.000000
0.349786
2.553635
0.000000
0.000000
0.000000
0.000000
5.051316
2.609688
0.000000
0.000000
0.000000
0.000000
1.170716
0.000000
0.000000
0.000000
0.000000
0.000000
0.109215
2.488829
1.725852
0.000000
2.285589
0.486695
0.000000
0.000000
0.000000
0.000000
0.000000
3.861280
0.000000
1.165935
0.000000
0.063641
1.678473
0.000000
0.000000
0.000000
0.000000
0.335388
0.000000
0.000000
0.000000
0.000000
3.361612
0.000000
0.000000
4.838637
5.144998
0.000000
0.000000
0.612197
0.000000
0.000000
0.000000
0.000000
0.000000
0.000000
0.000000
0.608119
0.550707
0.000000
0.000000
0.000000
0.000000
1.574570
0.000000
0.000000
0.582753
0.000000
3.192433
3.878376
0.000000
0.000000
0.000000
0.000000
0.000000
0.000000
0.000000
0.000000
0.000000
0.000000
0.809669
0.956720
1.243071
0.911865
2.123449
0.000000
0.000000
0.000000
0.000000
0.000000
0.000000
2.880602
0.000000
2.218996
0.000000
1.292837
1.054038
0.000000
0.000000
0.000000
0.000000
0.660036
0.000000
0.000000
0.908471
0.000000
1.097455
0.555407
0.000000
4.755324
4.964612
0.000000
0.000000
0.000000
0.000000
0.000000
0.000000
2.273817
0.000000
0.654071
0.000000
0.000000
2.022503
0.000000
0.000000
0.000000
0.000000
1.895063
0.028785
0.000000
0.219103
0.000000
6.174765
5.167273
0.000000
0.000000
0.000000
0.000000
0.000000
0.000000
0.000000
0.000000
0.000000
0.000000
0.000000
0.000000
4.763810
0.000000
1.611380
0.000000
0.000000
0.000000
0.000000
0.000000
0.000000
3.329027
0.000000
3.253183
0.000000
0.000000
1.628949
0.000000
0.000000
0.000000
0.000000
3.048450
0.000000
0.000000
0.000000
1.771039
3.341019
0.000000
0.000000
2.504145
1.351442
0.000000
0.000000
0.000000
0.000000
0.000000
0.000000
0.382795
0.000000
0.000000
0.000000
0.000000
0.000000
0.000000
0.000000
0.000000
0.000000
1.779500
0.000000
0.000000
2.959280
0.000000
5.822095
4.150434
0.000000
0.000000
0.000000
0.000000
0.000000
0.000000
0.818485
0.000000
0.000000
0.000000
1.263112
2.102741
1.466158
0.000000
3.422197
0.000000
0.000000
0.000000
0.000000
0.000000
0.000000
4.492046
0.000000
0.677717
0.000000
0.000000
1.108212
0.000000
0.000000
0.000000
0.000000
1.126810
0.000000
0.932818
0.000000
0.000000
1.400314
0.000000
0.000000
1.994971
3.072825
0.000000
0.000000
0.000000
0.000000
0.000000
0.000000
2.453429
0.000000
0.243423
2.569348
0.000000
0.325208
0.000000
0.000000
0.000000
0.092799
1.493418
0.000000
0.000000
0.097183
0.000000
2.838237
2.647211
0.000000
0.000000
0.000000
0.000000
0.000000
3.316552
2.324956
0.000000
0.000000
0.000000
0.326352
1.666494
0.000000
0.000000
3.166000
0.000000
0.000000
0.000000
0.000000
0.000000
0.000000
4.093786
0.000000
2.499085
0.000000
0.014426
3.318609
0.000000
0.000000
0.000000
0.000000
4.322048
0.000000
0.000000
0.000000
0.000000
6.015645
4.026702
0.000000
3.836900
2.275332
0.000000
0.000000
1.035893
0.000000
0.000000
0.000000
0.000000
0.000000
0.000000
0.000000
0.522623
1.862102
0.000000
0.000000
2.001936
0.000000
0.467630
0.000000
0.000000
5.379915
0.000000
3.057617
4.472781
3.264095
0.000000
3.479638
0.000000
2.801836
0.000000
1.718483
0.000000
0.000000
0.000000
0.948065
6.152967
4.224785
0.000000
3.072302
0.000000
0.000000
1.177321
0.000000
0.000000
0.000000
2.278985
0.000000
0.912674
0.000000
0.000000
3.622439
0.000000
0.000000
0.000000
0.000000
0.945828
0.000000
0.000000
0.000000
0.000000
2.719657
0.000000
0.000000
2.501203
3.335953
0.000000
0.000000
0.000000
0.000000
0.000000
0.000000
0.239694
0.000000
0.000000
0.000000
0.309959
1.083032
0.000000
0.000000
0.000000
0.000000
2.709476
0.000000
0.000000
1.670433
0.000000
5.049468
3.041131
0.000000
0.000000
0.000000
0.000000
0.000000
0.000000
0.000000
0.000000
0.000000
0.000000
0.126715
0.000000
1.681690
0.000000
2.375648
0.000000
0.000000
0.000000
0.000000
0.000000
0.000000
4.642093
0.000000
5.753481
0.000000
0.000000
10.126126
0.000000
0.000000
0.000000
0.000000
2.724516
3.861853
0.000000
1.596005
3.294244
2.229222
0.000000
0.000000
9.364699
3.764377
0.000000
0.000000
0.000000
0.000000
0.000000
0.000000
1.707902
0.000000
0.986548
0.730049
3.440355
4.711446
0.000000
0.000000
0.000000
0.000000
0.323055
2.796005
0.000000
7.198758
0.000000
5.843910
11.915295
0.000000
0.000000
0.000000
0.000000
1.057202
0.000000
0.000000
0.000000
0.000000
0.000000
0.000000
4.552953
1.935345
0.000000
6.527433
0.000000
0.000000
0.000000
0.000000
0.000000
0.000000
7.106538
0.000000
2.224227
0.000000
0.000000
3.604481
0.000000
0.000000
0.345559
0.000000
0.264511
0.000000
0.000000
0.000000
0.000000
2.680384
1.551742
0.000000
5.166224
4.991867
0.000000
0.000000
0.000000
0.000000
0.000000
0.000000
2.184665
0.000000
5.428805
3.504430
0.000000
5.492890
0.000000
0.000000
0.000000
0.000000
2.768574
0.000000
0.000000
3.061759
0.000000
6.387963
4.673186
0.000000
0.000000
0.000000
0.000000
0.000000
1.189273
2.172958
0.000000
0.000000
0.000000
0.000000
6.819410
4.589491
0.000000
3.454346
0.000000
0.000000
0.000000
0.000000
0.000000
0.000000
5.883597
0.000000
2.168341
0.000000
0.000000
2.494788
0.000000
0.000000
0.000000
0.000000
0.824331
0.000000
0.000000
0.153539
0.000000
5.017978
0.000000
0.000000
2.519847
3.448328
0.000000
0.000000
0.000000
0.000000
0.000000
0.000000
0.000000
0.000000
0.000000
0.000000
0.000000
0.621629
0.000000
0.000000
0.000000
0.000000
1.574064
0.000000
0.000000
1.463409
0.000000
4.809423
3.323635
0.000000
0.000000
0.000000
0.000000
0.000000
0.000000
0.000000
0.000000
0.000000
0.000000
1.836527
1.146072
2.848670
0.000000
2.464276
0.000000
0.000000
0.000000
0.000000
0.000000
0.000000
5.356306
0.000000
0.667528
0.000000
0.000000
0.313150
0.000000
0.000000
0.000000
0.000000
0.002441
0.000000
0.000000
2.135151
1.877239
2.719111
1.265128
0.000000
3.180136
5.888004
0.000000
0.000000
0.215039
0.000000
0.000000
0.000000
0.142707
0.000000
0.099506
1.083656
0.899443
4.417459
0.000000
0.000000
0.000000
0.494646
3.488395
0.019601
0.000000
0.691050
0.000000
4.888239
1.923307
0.000000
0.000000
0.000000
0.000000
0.000000
0.000000
0.000000
0.000000
0.000000
0.000000
0.851934
0.000000
5.124289
0.000000
2.448103
0.000000
0.000000
0.000000
0.000000
0.000000
0.000000
6.225269
0.000000
1.750265
0.000000
0.000000
0.099530
0.000000
0.000000
0.000000
0.000000
2.188231
0.000000
0.000000
1.644109
0.000000
5.438769
0.000000
0.000000
2.791352
4.494658
0.000000
0.000000
0.655922
0.000000
0.000000
0.000000
1.059145
0.000000
0.000000
0.000000
0.439267
0.000000
0.000000
0.000000
0.000000
0.170812
1.743700
0.000000
0.000000
1.855165
0.000000
2.880400
2.872250
0.000000
0.000000
0.000000
0.000000
0.000000
0.000000
0.099088
0.000000
0.000000
0.000000
1.047102
1.403932
1.912758
0.000000
1.318434
0.000000
0.000000
0.000000
0.000000
0.000000
0.000000
6.155404
0.000000
2.298506
0.000000
0.000000
0.000000
0.000000
0.000000
0.000000
0.000000
0.874167
0.000000
0.000000
0.000000
1.741200
2.405655
0.000000
0.000000
2.161829
3.711963
0.000000
0.000000
0.000000
0.000000
0.000000
0.000000
0.165742
0.000000
0.000000
1.582517
0.000000
1.731797
0.000000
0.000000
0.000000
0.000000
3.206017
0.000000
0.000000
0.478985
0.000000
2.406685
0.178029
0.000000
0.000000
0.000000
0.000000
0.000000
0.000000
2.638410
0.000000
0.000000
0.000000
0.000000
1.280309
1.979192
0.000000
0.596280
0.000000
0.000000
0.000000
0.000000
0.000000
0.000000
5.182223
0.000000
4.338069
0.000000
0.000000
1.886142
0.000000
0.000000
0.000000
0.000000
1.280932
0.000000
0.000000
0.000000
0.000000
4.240319
1.920019
0.529695
5.432820
4.361279
0.000000
0.000000
0.000000
0.000000
0.000000
0.000000
0.976555
0.000000
0.000000
0.000000
0.000000
0.000000
0.000000
0.000000
0.000000
0.152788
1.337464
0.000000
0.000000
3.368401
0.000000
5.763164
3.190396
7.808492
0.000000
2.992416
0.837084
0.158732
0.000000
1.125642
0.000000
0.000000
0.000000
1.978472
3.648464
2.890179
0.000000
2.615170
0.000000
0.000000
0.000000
0.000000
0.000000
0.000000
2.903321
0.000000
3.794253
0.000000
0.101157
0.369269
0.000000
0.000000
0.000000
0.000000
0.290899
0.000000
0.000000
0.000000
0.000000
4.870575
0.000000
0.000000
4.368168
6.126549
0.000000
0.000000
0.000000
0.000000
0.000000
0.000000
2.417770
0.000000
0.302159
0.000000
0.000000
0.000000
0.000000
0.000000
0.000000
0.000000
4.448795
0.000000
0.000000
0.400233
0.000000
4.311595
1.408146
0.000000
0.000000
0.000000
0.000000
0.484118
0.000000
0.000000
0.000000
0.000000
0.000000
0.000000
4.901431
1.720617
0.000000
1.387479
0.000000
0.000000
0.000000
0.000000
0.000000
0.000000
3.302923
0.000000
1.626587
0.000000
2.166223
0.908559
0.000000
0.000000
0.000000
0.000000
3.404990
0.000000
0.000000
1.089106
1.035215
4.518314
0.000000
0.000000
2.898685
5.700841
0.000000
0.000000
0.100268
0.000000
0.000000
0.000000
1.817442
0.000000
0.000000
0.000000
0.000000
0.000000
0.000000
0.000000
0.000000
0.883864
2.054407
0.000000
0.000000
1.526243
0.000000
7.134226
5.347053
0.000000
0.000000
0.000000
0.000000
0.000000
0.000000
3.146758
0.000000
0.000000
0.000000
0.000000
2.552770
4.088187
0.000000
1.613343
0.000000
0.000000
0.000000
0.000000
0.000000
0.000000
7.468003
0.000000
2.667500
0.000000
0.000000
3.098939
0.000000
0.000000
0.000000
0.000000
0.824972
0.000000
1.149563
0.199172
0.000000
3.512608
0.000000
0.450607
1.845051
5.215874
0.000000
0.370954
0.000000
0.000000
0.000000
0.000000
0.178497
0.000000
0.000000
0.379250
0.000000
4.301639
0.000000
0.000000
0.000000
2.445265
3.176633
0.758823
0.000000
0.227979
0.000000
3.426918
0.000000
0.000000
0.000000
0.000000
0.000000
1.589282
0.000000
2.928691
0.000000
0.000000
0.000000
0.000000
3.343580
5.762311
0.000000
1.950328
0.000000
0.000000
0.000000
0.000000
0.000000
0.000000
6.045633
0.000000
1.896312
0.000000
0.000000
1.525879
0.000000
0.000000
0.000000
0.000000
0.080992
0.000000
0.000000
0.000000
0.000000
4.082620
0.000000
0.402656
2.606002
4.483523
0.000000
0.000000
0.000000
0.000000
0.000000
0.000000
2.310207
0.000000
1.997233
0.980763
0.000000
1.149357
0.000000
0.000000
0.000000
0.000000
4.614522
0.000000
0.000000
2.537327
0.000000
5.245472
0.879959
0.000000
0.000000
0.000000
0.000000
0.000000
0.000000
0.000000
0.000000
0.000000
0.000000
0.000000
0.853687
3.809839
0.000000
4.007688
0.000000
0.000000
0.000000
0.000000
0.000000
0.000000
5.541468
0.000000
0.000000
0.000000
0.584017
2.598822
0.000000
0.000000
0.000000
0.000000
0.000000
0.000000
0.000000
0.000000
1.314128
1.539124
0.855653
0.000000
2.770880
4.707952
0.000000
0.000000
0.566765
0.000000
0.000000
0.000000
1.744447
0.000000
0.712062
0.631832
1.887653
0.261076
0.000000
0.000000
0.000000
0.000000
2.990606
0.268151
0.000000
0.000000
0.000000
1.897286
4.781183
0.000000
0.000000
0.000000
0.000000
0.000000
0.000000
0.000000
0.000000
0.000000
0.000000
3.892286
0.000000
2.859268
0.000000
6.735014
0.000000
0.000000
0.000000
0.000000
0.000000
0.000000
5.737777
0.000000
1.636976
0.000000
0.000000
1.008752
0.000000
0.000000
0.000000
0.000000
0.000000
0.000000
0.000000
0.000000
2.933155
2.355420
0.000000
0.000000
4.925457
1.858320
0.000000
0.000000
2.292676
0.000000
0.000000
0.000000
1.235169
0.000000
0.000000
0.000000
0.313186
1.430565
0.000000
0.000000
0.000000
0.047776
1.028512
0.000000
0.000000
0.731320
0.000000
0.565217
4.649508
0.000000
0.000000
0.000000
0.000000
0.000000
0.000000
2.730630
0.000000
0.000000
0.000000
3.314106
1.420665
2.782830
0.000000
2.895233
0.000000
0.000000
0.000000
0.000000
0.000000
0.000000
3.200678
0.000000
3.547600
0.000000
0.175562
1.761178
0.000000
0.000000
0.116073
0.000000
0.000000
0.000000
0.000000
1.312067
0.305034
4.549635
0.000000
2.157285
1.821617
5.146640
0.000000
0.000000
0.000000
0.000000
0.000000
0.000000
1.000049
0.000000
0.000000
3.433453
0.000000
3.917203
0.000000
0.000000
0.000000
0.000000
5.274218
0.000000
0.000000
0.000000
0.000000
5.278775
0.000000
0.386979
0.000000
0.000000
0.000000
0.000000
0.000000
2.057033
0.000000
0.000000
0.000000
0.000000
3.686157
1.478493
0.000000
0.000000
0.000000
0.000000
0.000000
0.000000
0.000000
0.000000
3.361885
0.000000
2.053975
0.000000
0.896195
2.204080
0.000000
0.000000
0.000000
0.000000
0.455254
0.361977
0.000000
1.335441
0.000000
4.248452
0.000000
0.000000
3.373341
2.742630
0.000000
0.000000
0.000000
0.000000
0.000000
0.000000
1.356501
0.000000
1.220521
0.000000
0.688404
1.463789
0.000000
0.000000
0.000000
0.000000
0.784066
0.000000
0.000000
1.353337
0.000000
2.413475
2.616153
4.049359
0.000000
1.788357
0.000000
2.594616
0.000000
0.000000
0.000000
0.000000
0.000000
0.000000
3.211885
2.068867
0.000000
4.120382
0.000000
0.000000
0.000000
0.000000
0.000000
0.000000
4.510780
0.000000
1.733469
0.000000
0.000000
2.853686
0.000000
0.000000
0.000000
0.000000
0.029694
0.000000
0.000000
0.000000
0.000000
3.806822
0.000000
0.000000
3.838349
2.905729
0.000000
0.000000
0.124618
0.000000
0.000000
0.000000
0.000000
0.000000
0.000000
0.000000
1.183345
0.000000
0.000000
0.000000
0.000000
0.000000
3.161932
0.000000
0.000000
3.443513
0.000000
4.260382
0.965538
0.000000
0.000000
0.000000
0.000000
1.784334
0.000000
1.749239
0.000000
0.000000
0.000000
0.000000
3.863483
3.319464
0.000000
4.365386
0.000000
0.000000
0.000000
0.000000
0.000000
0.000000
4.881061
0.000000
1.265524
0.000000
0.000000
0.307893
0.000000
0.000000
0.000000
0.000000
3.594099
0.000000
0.000000
0.000000
0.000000
3.128506
0.037569
1.720574
1.816360
6.719101
0.000000
0.000000
0.881792
0.000000
0.000000
0.000000
1.083863
0.000000
1.980970
0.000000
0.000000
2.517755
0.000000
0.000000
0.000000
0.000000
5.002443
0.000000
0.000000
2.147973
0.000000
1.363679
3.158662
0.000000
0.000000
0.000000
0.000000
0.000000
0.652872
2.623505
0.000000
0.000000
0.000000
0.000000
2.055258
3.296312
0.000000
4.377950
0.000000
0.000000
0.000000
0.000000
0.000000
0.000000
5.471678
0.000000
4.025919
0.000000
0.000000
1.234280
0.000000
0.000000
0.000000
0.000000
0.366939
0.000000
0.000000
0.000000
0.439567
5.112390
0.367191
0.000000
5.976166
4.818988
0.000000
0.000000
1.450302
0.000000
0.000000
0.000000
1.905056
0.000000
0.000000
0.000000
0.000000
0.000000
0.000000
0.000000
0.000000
0.560940
4.102390
0.000000
0.000000
1.275210
0.000000
6.909681
2.775114
0.000000
0.000000
0.000000
0.000000
0.000000
0.000000
0.000000
0.000000
0.000000
0.000000
1.734458
1.451941
3.431199
0.000000
3.616918
0.000000
0.000000
0.000000
0.000000
0.000000
0.000000
6.445979
0.000000
0.000000
0.000000
0.000000
3.165671
0.000000
0.000000
0.000000
0.000000
0.392570
0.000000
0.000000
0.000000
0.000000
0.415183
0.000000
0.000000
4.798573
1.317973
0.000000
0.000000
0.000000
0.000000
0.000000
0.000000
0.850457
0.000000
0.343326
0.000000
0.285287
1.591228
0.000000
0.000000
0.000000
0.000000
2.596370
0.000000
0.000000
2.514381
0.000000
5.196732
1.748271
0.000000
0.000000
0.000000
0.000000
2.432638
0.000000
0.000000
0.000000
0.000000
0.000000
0.690977
2.459208
2.182311
0.000000
4.267231
0.000000
0.000000
2.144208
0.000000
0.000000
0.000000
1.643629
0.000000
1.486680
0.000000
0.532361
4.167465
0.000000
0.000000
0.000000
0.000000
1.570567
0.000000
0.000000
0.000000
0.000000
6.197309
0.000000
0.000000
3.821362
5.970499
0.000000
0.000000
0.051045
0.000000
0.000000
0.000000
0.936017
0.000000
0.000000
0.000000
0.000000
0.000000
0.000000
0.000000
0.000000
0.000000
0.976527
0.000000
0.000000
2.117340
0.000000
6.914608
6.744137
0.000000
0.000000
0.000000
0.000000
0.000000
0.000000
0.000000
0.000000
0.000000
0.000000
0.000000
3.937312
0.374239
0.000000
3.321377
0.000000
0.000000
0.000000
0.000000
0.000000
0.000000
6.154747
0.000000
1.603168
0.000000
0.000000
0.691081
0.000000
0.000000
0.000000
0.000000
3.518714
0.000000
0.000000
2.113602
0.000000
3.572906
0.000000
0.000000
1.461642
3.123584
0.000000
0.000000
0.000000
0.000000
0.000000
0.000000
0.365786
0.000000
0.000000
0.000000
0.000000
1.335898
0.000000
0.000000
0.000000
0.000000
3.234614
0.000000
0.000000
0.000000
0.000000
3.678735
5.076301
0.000000
0.000000
0.000000
0.000000
0.000000
0.000000
4.730154
0.000000
0.000000
0.000000
0.000000
2.750450
3.005291
0.000000
0.000000
0.000000
0.000000
0.000000
0.000000
0.000000
0.000000
0.884965
0.000000
1.652318
0.000000
0.263844
2.094071
0.000000
0.000000
0.000000
0.000000
1.131302
0.000000
0.000000
1.913834
0.000000
2.469805
0.000000
0.000000
0.949307
3.698695
0.000000
0.000000
0.000000
0.000000
0.000000
0.000000
0.000000
0.000000
0.294332
2.660994
0.544900
2.162152
0.000000
0.000000
0.000000
0.000000
3.968452
0.000000
1.239243
2.510003
0.000000
3.997878
1.299551
0.000000
0.000000
0.000000
0.000000
0.000000
0.000000
0.000000
0.000000
0.000000
0.000000
0.147021
0.306385
1.209744
0.000000
1.975920
0.000000
0.000000
0.000000
0.000000
0.000000
0.000000
1.024979
0.000000
3.436685
0.000000
0.000000
2.559157
0.000000
0.000000
0.000000
0.000000
2.459261
0.091330
0.000000
0.000000
0.000000
1.178932
0.591174
0.000000
3.712240
5.433559
0.000000
0.000000
0.000000
0.000000
0.000000
0.000000
0.370698
0.000000
0.000000
0.000000
0.465081
0.000000
0.000000
0.000000
0.000000
0.000000
1.470260
0.000000
0.000000
2.874955
0.000000
3.042085
3.163673
6.722066
0.000000
1.048050
0.000000
2.763814
0.000000
0.000000
0.000000
0.000000
0.000000
0.000000
2.561490
3.909977
0.000000
2.135274
0.910687
0.000000
0.000000
0.000000
0.000000
0.000000
4.606083
0.000000
2.182693
0.000000
0.216915
0.237306
0.000000
0.000000
0.000000
0.000000
2.642428
0.000000
0.000000
1.217350
0.533125
4.068160
0.000000
0.000000
1.532120
4.723002
0.000000
0.000000
0.000000
0.000000
0.000000
0.000000
1.338800
0.000000
0.000000
0.000000
0.000000
1.244577
0.000000
0.000000
0.000000
0.000000
4.335880
0.000000
0.000000
0.252585
0.000000
4.648258
2.823420
0.000000
0.000000
0.000000
0.000000
0.000000
0.000000
1.917710
0.000000
0.000000
0.000000
0.201595
0.000000
1.360900
0.000000
2.005647
0.000000
0.000000
0.000000
0.000000
0.000000
0.000000
6.500674
0.000000
0.986932
0.000000
1.393167
4.211351
0.000000
0.000000
0.000000
0.000000
0.051019
0.000000
0.000000
1.660914
0.000000
5.646359
0.000000
0.000000
4.862742
5.858646
0.000000
0.000000
0.000000
0.000000
0.000000
0.000000
1.185083
0.000000
0.000000
0.304037
0.069562
2.517069
0.000000
0.000000
0.000000
0.000000
1.458882
0.000000
0.486720
0.000000
0.000000
4.245497
3.423610
0.000000
0.000000
0.000000
0.000000
0.000000
0.000000
0.176491
0.000000
0.000000
0.000000
0.000000
0.000000
3.614413
0.000000
3.815760
0.000000
0.000000
0.000000
0.000000
0.000000
0.000000
5.853637
0.000000
4.334084
0.000000
0.000000
0.766256
0.000000
0.000000
0.000000
0.000000
1.709077
0.242622
0.000000
5.255412
0.000000
5.648530
0.000000
0.000000
3.334189
3.024889
0.000000
0.000000
0.000000
0.000000
0.000000
0.000000
1.722994
0.000000
0.000000
0.954280
0.481277
3.182000
0.000000
0.000000
0.000000
0.000000
4.298967
0.000000
0.000000
2.286073
0.000000
5.861616
2.740286
0.000000
0.000000
0.000000
0.000000
0.000000
0.000000
0.000000
0.000000
0.000000
0.000000
0.000000
1.445537
4.225368
0.000000
5.198958
0.000000
0.000000
0.000000
0.000000
0.000000
0.000000
4.957672
0.000000
3.363894
0.000000
0.000000
2.962451
0.000000
0.000000
0.000000
0.000000
1.391104
0.000000
0.000000
0.000000
0.000000
2.735541
0.000000
0.000000
2.179881
5.641121
0.000000
0.000000
0.000000
0.000000
0.000000
0.000000
1.055178
0.000000
1.356173
0.543398
1.866292
1.346342
0.000000
0.000000
0.000000
0.000000
2.534195
0.000000
0.000000
1.927079
0.000000
2.375538
3.265375
0.000000
0.000000
0.000000
0.000000
0.000000
0.000000
0.000000
0.000000
0.000000
0.000000
0.000000
2.088912
4.728278
0.000000
3.167273
0.000000
0.000000
0.000000
0.000000
0.000000
0.000000
4.111689
0.000000
1.761960
0.000000
0.000000
1.696491
0.000000
0.000000
0.000000
0.000000
0.000000
0.598370
0.000000
2.175403
0.000000
3.654535
0.451111
0.650302
3.073663
4.497595
0.000000
0.000000
0.186232
0.000000
0.000000
0.000000
0.000000
0.000000
0.000000
0.000000
0.000000
3.652418
0.000000
0.000000
0.000000
0.028970
1.789676
0.000000
0.000000
1.760467
0.000000
1.858222
2.819575
0.000000
0.000000
0.000000
0.000000
0.000000
0.000000
1.282214
0.000000
0.000000
0.000000
0.820366
1.403867
1.830584
0.000000
2.192646
0.000000
0.000000
0.000000
0.000000
0.000000
0.000000
2.780348
0.000000
2.018767
0.000000
0.000000
1.395561
0.000000
0.000000
0.000000
0.000000
2.000981
0.000000
0.000000
0.000000
1.870477
3.891505
0.000000
0.000000
3.658389
4.585874
0.000000
0.000000
0.000000
0.000000
0.000000
0.000000
2.791000
0.000000
0.000000
0.908877
0.000000
0.801379
0.000000
0.000000
0.000000
0.000000
4.146965
0.000000
0.000000
0.000000
0.000000
5.079941
2.931342
0.000000
0.000000
0.000000
0.000000
0.000000
0.000000
0.000000
0.000000
0.000000
0.000000
1.083694
2.312295
3.839147
0.000000
2.732424
0.000000
0.000000
0.000000
0.000000
0.000000
0.000000
6.177922
0.000000
1.245492
0.000000
0.000000
0.827342
0.000000
0.000000
0.000000
0.000000
1.005382
0.000000
0.000000
0.000000
0.000000
2.609260
0.000000
0.000000
4.103500
1.897871
0.000000
0.235461
0.000000
0.000000
1.678601
0.000000
3.164489
0.000000
0.937231
2.034013
0.000000
2.063691
0.000000
0.000000
0.000000
0.563688
2.128527
0.000000
0.000000
0.032251
0.000000
3.669917
5.265439
0.000000
0.000000
0.000000
0.000000
0.000000
0.678094
1.652434
0.000000
0.451882
0.000000
2.455510
0.939132
2.479810
0.000000
1.472350
0.000000
0.000000
0.000000
0.000000
0.000000
0.000000
1.721121
0.000000
2.495086
0.000000
2.291716
2.126607
0.000000
0.000000
0.000000
0.000000
2.018007
4.413492
0.000000
0.949258
0.000000
2.883321
3.113432
0.000000
4.545545
3.774381
0.000000
0.000000
0.000000
0.000000
0.000000
0.000000
0.213849
0.000000
3.249809
0.000000
0.909481
0.000000
0.000000
0.000000
0.000000
0.000000
0.845253
0.000000
0.000000
2.885131
3.196716
2.475759
6.529171
5.205195
0.000000
3.494159
0.000000
0.000000
0.000000
0.000000
0.000000
0.000000
0.000000
2.042105
3.370818
0.931570
0.000000
3.290345
0.941345
0.000000
0.000000
0.000000
0.000000
0.000000
10.473233
0.000000
3.928226
0.000000
0.764401
2.195842
0.000000
0.000000
0.000000
0.000000
2.679215
2.670699
0.706200
0.000000
0.438395
1.912231
0.643320
0.000000
5.985991
5.371145
0.000000
0.000000
0.000000
0.000000
0.000000
0.000000
1.799609
0.000000
1.622110
1.943616
0.712020
1.267642
0.000000
0.000000
0.000000
0.050133
1.998352
0.000000
0.000000
6.224304
4.060070
2.090233
8.486217
0.000000
0.000000
0.000000
0.000000
0.000000
0.370916
4.244679
0.000000
0.000000
0.000000
2.429886
2.402987
3.392982
0.000000
1.738274
0.271471
0.000000
0.000000
0.000000
0.000000
0.000000
4.380261
0.000000
3.533803
0.000000
0.000000
1.947328
0.000000
0.000000
0.000000
0.000000
1.132890
2.465288
0.000000
0.000000
0.000000
1.991844
0.375836
0.000000
3.556197
2.431293
0.000000
0.000000
0.000000
0.000000
0.000000
0.000000
1.262262
0.000000
3.463563
1.729696
1.870424
0.383727
0.000000
0.000000
0.000000
0.000000
2.233063
0.000000
0.000000
1.272639
3.061702
5.792928
4.225292
0.000000
0.000000
0.000000
0.000000
0.000000
0.000000
0.000000
0.000000
0.000000
0.000000
1.502225
5.603859
2.722121
0.000000
3.216424
1.069851
0.000000
0.000000
0.000000
0.000000
0.000000
3.163524
0.000000
2.578431
0.000000
0.022582
3.106600
0.000000
0.000000
0.000000
0.000000
1.147787
2.076236
0.338768
0.568242
0.000000
2.690054
2.666641
0.000000
3.858078
4.295189
0.000000
0.000000
0.000000
0.000000
0.000000
0.000000
1.230340
0.000000
1.873227
1.369375
0.262639
0.307920
0.000000
0.000000
0.000000
0.000000
1.104420
0.000000
0.000000
2.454426
4.056091
2.200440
4.742790
0.000000
0.000000
0.000000
0.000000
0.000000
0.000000
0.000000
0.000000
0.000000
0.000000
2.208988
3.293896
1.068346
0.000000
2.334890
0.385583
0.000000
0.000000
0.000000
0.000000
0.000000
7.739678
0.000000
2.529914
0.000000
1.932227
1.636725
0.000000
0.000000
0.000000
0.000000
3.000710
0.000000
0.000000
1.946232
0.347736
2.349492
0.819524
0.000000
5.396046
4.305417
0.000000
0.000000
0.207019
0.000000
0.000000
0.000000
1.110837
0.000000
0.745215
1.476762
0.419060
1.173990
0.000000
0.000000
0.000000
0.305814
0.980985
0.000000
0.000000
1.814530
3.607463
0.000000
7.894682
0.000000
0.000000
0.000000
0.000000
0.000000
0.000000
0.430687
0.000000
0.000000
0.000000
3.678194
4.919621
0.000000
0.000000
2.551102
0.613307
0.000000
0.000000
0.000000
0.000000
0.000000
8.202775
0.000000
2.636859
0.000000
1.027159
1.304749
0.000000
0.000000
0.000000
0.000000
1.390978
2.617550
1.907843
1.277957
1.052498
4.395513
0.000000
0.000000
4.292422
2.048037
0.000000
0.000000
0.000000
0.000000
0.000000
0.000000
1.712003
0.000000
3.609672
0.000000
2.331099
0.225414
0.000000
0.000000
0.000000
0.000000
1.935028
0.000000
0.000000
2.114135
1.566161
0.617330
3.101628
0.000000
0.000000
0.000000
0.000000
0.000000
0.000000
0.634965
0.000000
0.000000
0.000000
0.073223
2.200315
2.972428
0.000000
3.526638
1.722536
0.000000
0.000000
0.000000
0.000000
0.000000
4.527069
0.000000
4.525679
0.000000
1.304772
2.614584
0.000000
0.000000
0.000000
0.000000
1.706007
3.897062
2.263551
1.418938
0.090817
4.346268
1.053095
0.000000
4.539634
4.412061
0.000000
0.000000
0.000000
0.000000
0.000000
0.000000
0.682467
0.000000
3.332323
2.374092
3.427108
0.000000
0.451600
0.000000
0.000000
0.000000
2.138710
0.000000
0.000000
1.640889
1.779278
0.890666
5.334789
0.000000
1.035340
0.000000
0.000000
0.000000
0.000000
0.000000
0.000000
0.000000
0.000000
2.489854
4.759155
0.887000
0.000000
3.079656
2.624622
0.000000
1.258295
0.000000
0.000000
0.000000
8.187887
0.000000
0.000000
0.000000
0.319862
1.689361
0.000000
0.000000
1.407371
0.000000
1.379851
1.741996
1.683146
0.751638
0.000000
1.607457
0.826183
0.000000
1.679019
1.940868
0.000000
0.000000
0.000000
0.000000
0.000000
0.000000
0.807046
0.000000
3.012139
1.666133
1.333109
1.257354
0.000000
0.000000
0.000000
0.000000
0.937240
0.000000
0.000000
0.091027
3.795426
2.400373
1.720936
0.000000
1.244878
0.000000
0.000000
0.000000
3.203260
2.070565
0.000000
0.000000
0.000000
0.000000
3.208413
0.095443
0.000000
3.265957
0.843024
0.000000
