0.427451
0.686275
0.894118
0.207843
0.298039
0.286275
0.368627
0.364706
0.345098
0.34902
0.345098
0.329412
0.392157
0.380392
0.360784
0.384314
0.372549
0.337255
0.423529
0.701961
0.890196
0.0470588
0.180392
0.419608
0.270588
0.427451
0.533333
0.4
0.607843
0.780392
0.427451
0.619608
0.768627
0.133333
0.301961
0.45098
0.14902
0.211765
0.270588
0.478431
0.713726
0.937255
0.0705882
0.254902
0.462745
0.396078
0.384314
0.345098
0.141176
0.203922
0.262745
0.129412
0.184314
0.25098
0.478431
0.752941
0.952941
0.14902
0.196078
0.243137
0.466667
0.196078
0.207843
0.658824
0.360784
0.364706
0.105882
0.113725
0.152941
0.101961
0.156863
0.207843
0.109804
0.160784
0.223529
0.105882
0.152941
0.215686
0.223529
0.219608
0.215686
0.521569
0.505882
0.45098
0.0862745
0.223529
0.435294
0.509804
0.129412
0.196078
0.972549
0.521569
0.380392
0.321569
0.6
0.74902
0.45098
0.686275
0.870588
0.0823529
0.211765
0.376471
0.168627
0.239216
0.333333
0.341176
0.360784
0.337255
0.380392
0.368627
0.341176
0.419608
0.368627
0.305882
0.113725
0.239216
0.431373
0.0588235
0.196078
0.407843
0.329412
0.439216
0.564706
0.447059
0.631373
0.733333
0.184314
0.160784
0.180392
0.0313726
0.105882
0.239216
0.396078
0.384314
0.356863
0.152941
0.207843
0.290196
0.0941176
0.254902
0.494118
0.192157
0.243137
0.266667
0.14902
0.215686
0.278431
0.0901961
0.14902
0.203922
0.482353
0.745098
0.94902
0.270588
0.301961
0.309804
0.176471
0.180392
0.2
0.180392
0.192157
0.227451
0.14902
0.180392
0.235294
0.133333
0.180392
0.235294
0.129412
0.176471
0.231373
0.12549
0.180392
0.231373
0.113725
0.184314
0.270588
0.109804
0.188235
0.243137
0.0823529
0.219608
0.439216
0.258824
0.32549
0.329412
0.431373
0.643137
0.729412
0.941176
0.490196
0.419608
0.313726
0.368627
0.407843
0.313726
0.298039
0.290196
0.0941176
0.231373
0.458824
0.101961
0.258824
0.45098
0.196078
0.266667
0.345098
0.298039
0.298039
0.290196
0.129412
0.2
0.34902
0.27451
0.282353
0.278431
0.235294
0.443137
0.662745
0.392157
0.627451
0.823529
0.0509804
0.0823529
0.12549
0.231373
0.501961
0.709804
0.0470588
0.0901961
0.160784
0.0588235
0.0980392
0.133333
0.101961
0.25098
0.494118
0.290196
0.298039
0.258824
0.0980392
0.227451
0.431373
0.105882
0.223529
0.305882
0.458824
0.745098
0.933333
0.309804
0.305882
0.290196
0.133333
0.180392
0.227451
0.152941
0.2
0.247059
0.14902
0.188235
0.235294
0.141176
0.188235
0.235294
0.12549
0.176471
0.239216
0.105882
0.152941
0.215686
0.101961
0.14902
0.196078
0.329412
0.298039
0.235294
0.0823529
0.203922
0.415686
0.313726
0.564706
0.756863
0.964706
0.423529
0.254902
0.501961
0.384314
0.305882
0.4
0.658824
0.886275
0.317647
0.298039
0.27451
0.368627
0.341176
0.305882
0.0980392
0.235294
0.470588
0.121569
0.247059
0.494118
0.113725
0.203922
0.380392
0.341176
0.352941
0.317647
0.0862745
0.176471
0.309804
0.298039
0.333333
0.360784
0.419608
0.65098
0.815686
0.462745
0.415686
0.352941
0.301961
0.309804
0.278431
0.105882
0.152941
0.25098
0.0823529
0.145098
0.247059
0.105882
0.266667
0.501961
0.101961
0.141176
0.188235
0.0509804
0.12549
0.176471
0.0705882
0.160784
0.286275
0.486275
0.752941
0.94902
0.345098
0.329412
0.294118
0.368627
0.352941
0.317647
0.376471
0.352941
0.305882
0.388235
0.356863
0.305882
0.176471
0.188235
0.207843
0.188235
0.239216
0.27451
0.109804
0.160784
0.196078
0.0980392
0.137255
0.176471
0.0588235
0.0941176
0.121569
0.0823529
0.172549
0.345098
0.992157
0.407843
0.282353
0.568627
0.45098
0.32549
0.690196
0.572549
0.337255
0.407843
0.678431
0.913725
0.376471
0.356863
0.333333
0.290196
0.294118
0.270588
0.356863
0.345098
0.317647
0.415686
0.384314
0.341176
0.129412
0.254902
0.443137
0.117647
0.254902
0.466667
0.113725
0.262745
0.478431
0.054902
0.164706
0.294118
0.254902
0.27451
0.321569
0.356863
0.239216
0.262745
0.305882
0.286275
0.262745
0.254902
0.25098
0.235294
0.27451
0.262745
0.235294
0.0980392
0.254902
0.486275
0.0588235
0.164706
0.27451
0.0666667
0.109804
0.137255
0.027451
0.105882
0.2
0.521569
0.768627
0.933333
0.364706
0.341176
0.290196
0.376471
0.345098
0.301961
0.380392
0.356863
0.309804
0.356863
0.329412
0.290196
0.352941
0.301961
0.239216
0.329412
0.298039
0.215686
0.372549
0.34902
0.301961
0.341176
0.309804
0.298039
0.129412
0.117647
0.0705882
0.627451
0.266667
0.258824
0.192157
0.168627
0.164706
0.74902
0.682353
0.501961
0.921569
0.827451
0.533333
0.388235
0.67451
0.905882
0.309804
0.294118
0.27451
0.352941
0.32549
0.286275
0.403922
0.380392
0.32549
0.388235
0.364706
0.32549
0.254902
0.305882
0.356863
0.117647
0.313726
0.560784
0.121569
0.239216
0.415686
0.121569
0.266667
0.47451
0.454902
0.545098
0.607843
0.129412
0.266667
0.478431
0.301961
0.345098
0.368627
0.286275
0.282353
0.266667
0.207843
0.176471
0.141176
0.117647
0.266667
0.490196
0.243137
0.407843
0.54902
0.352941
0.341176
0.305882
0.0941176
0.219608
0.360784
0.501961
0.756863
0.917647
0.356863
0.32549
0.282353
0.368627
0.341176
0.301961
0.356863
0.333333
0.286275
0.219608
0.207843
0.160784
0.388235
0.345098
0.270588
0.352941
0.32549
0.286275
0.364706
0.337255
0.298039
0.345098
0.286275
0.196078
0.239216
0.184314
0.141176
0.513726
0.45098
0.329412
0.788235
0.686275
0.462745
0.454902
0.454902
0.352941
0.152941
0.145098
0.109804
0.407843
0.682353
0.913725
0.290196
0.290196
0.282353
0.372549
0.360784
0.333333
0.411765
0.384314
0.345098
0.376471
0.364706
0.337255
0.364706
0.345098
0.321569
0.32549
0.635294
0.854902
0.301961
0.290196
0.262745
0.278431
0.239216
0.243137
0.356863
0.431373
0.509804
0.129412
0.27451
0.478431
0.121569
0.282353
0.494118
0.117647
0.270588
0.501961
0.0588235
0.133333
0.262745
0.105882
0.270588
0.470588
0.141176
0.121569
0.121569
0.337255
0.305882
0.258824
0.364706
0.352941
0.27451
0.486275
0.74902
0.92549
0.341176
0.309804
0.235294
0.360784
0.32549
0.258824
0.392157
0.376471
0.329412
0.356863
0.32549
0.243137
0.341176
0.32549
0.290196
0.364706
0.337255
0.305882
0.364706
0.337255
0.262745
0.321569
0.423529
0.47451
0.341176
0.427451
0.490196
0.168627
0.239216
0.333333
0.235294
0.211765
0.25098
0.168627
0.160784
0.113725
0.290196
0.262745
0.188235
0.411765
0.694118
0.894118
0.133333
0.164706
0.196078
0.352941
0.341176
0.305882
0.145098
0.211765
0.25098
0.156863
0.196078
0.235294
0.368627
0.356863
0.337255
0.290196
0.619608
0.796078
0.352941
0.294118
0.254902
0.329412
0.552941
0.705882
0.423529
0.533333
0.607843
0.27451
0.235294
0.188235
0.0745098
0.168627
0.333333
0.105882
0.258824
0.482353
0.137255
0.282353
0.490196
0.117647
0.270588
0.470588
0.313726
0.537255
0.729412
0.188235
0.192157
0.2
0.345098
0.305882
0.262745
0.47451
0.741176
0.917647
0.309804
0.266667
0.219608
0.364706
0.309804
0.203922
0.341176
0.32549
0.278431
0.576471
0.356863
0.278431
0.0705882
0.145098
0.164706
0.305882
0.345098
0.380392
0.215686
0.235294
0.258824
0.337255
0.364706
0.505882
0.384314
0.419608
0.419608
0.788235
0.85098
0.847059
0.447059
0.490196
0.513726
0.321569
0.337255
0.341176
0.321569
0.270588
0.207843
0.419608
0.694118
0.92549
0.258824
0.270588
0.290196
0.12549
0.184314
0.258824
0.12549
0.184314
0.266667
0.117647
0.180392
0.243137
0.105882
0.164706
0.247059
0.113725
0.215686
0.239216
0.0980392
0.215686
0.376471
0.113725
0.0666667
0.0627451
0.396078
0.117647
0.0196078
0.509804
0.372549
0.341176
0.266667
0.309804
0.419608
0.0980392
0.223529
0.345098
0.615686
0.576471
0.541176
0.129412
0.27451
0.478431
0.552941
0.45098
0.4
0.156863
0.168627
0.14902
0.266667
0.286275
0.305882
0.435294
0.705882
0.890196
0.388235
0.305882
0.196078
0.407843
0.34902
0.298039
0.772549
0.45098
0.305882
0.25098
0.356863
0.298039
0.109804
0.164706
0.141176
0.47451
0.513726
0.521569
0.843137
0.803922
0.701961
0.643137
0.686275
0.658824
0.788235
0.882353
0.901961
0.419608
0.2
0.101961
0.0784314
0.0823529
0.0705882
0.478431
0.470588
0.490196
0.282353
0.243137
0.203922
0.423529
0.701961
0.921569
0.0980392
0.156863
0.231373
0.121569
0.180392
0.270588
0.129412
0.188235
0.270588
0.145098
0.219608
0.294118
0.0901961
0.156863
0.227451
0.32549
0.533333
0.682353
0.290196
0.168627
0.207843
0.211765
0.160784
0.188235
0.168627
0.109804
0.117647
0.384314
0.352941
0.301961
0.235294
0.309804
0.439216
0.388235
0.360784
0.32549
0.054902
0.0980392
0.141176
0.133333
0.27451
0.458824
0.713726
0.741176
0.670588
0.564706
0.341176
0.286275
0.345098
0.27451
0.262745
0.396078
0.658824
0.858824
0.341176
0.309804
0.266667
0.215686
0.129412
0.101961
0.0745098
0.129412
0.141176
0.403922
0.411765
0.368627
0.435294
0.482353
0.47451
0.717647
0.701961
0.596078
0.596078
0.466667
0.345098
0.662745
0.231373
0.188235
0.494118
0.258824
0.215686
0.45098
0.243137
0.211765
0.203922
0.0627451
0.0470588
0.380392
0.298039
0.282353
0.243137
0.243137
0.211765
0.454902
0.701961
0.901961
0.121569
0.172549
0.235294
0.117647
0.176471
0.25098
0.113725
0.172549
0.247059
0.113725
0.180392
0.258824
0.12549
0.164706
0.207843
0.207843
0.0156863
0.0117647
0.160784
0.113725
0.152941
0.117647
0.105882
0.133333
0.0352941
0.0823529
0.188235
0.129412
0.176471
0.231373
0.0666667
0.160784
0.286275
0.0705882
0.133333
0.219608
0.133333
0.145098
0.172549
0.12549
0.266667
0.458824
0.337255
0.243137
0.215686
0.568627
0.223529
0.0745098
0.509804
0.290196
0.176471
0.117647
0.243137
0.435294
0.505882
0.317647
0.278431
0.407843
0.517647
0.427451
0.623529
0.396078
0.2
0.670588
0.698039
0.694118
0.658824
0.403922
0.227451
0.301961
0.172549
0.176471
0.635294
0.239216
0.168627
0.505882
0.239216
0.164706
0.796078
0.498039
0.364706
0.196078
0.0705882
0.0352941
0.8
0.392157
0.270588
0.262745
0.247059
0.247059
0.278431
0.282353
0.290196
0.435294
0.717647
0.921569
0.2
0.227451
0.254902
0.337255
0.32549
0.290196
0.313726
0.298039
0.286275
0.101961
0.164706
0.227451
0.0313726
0.0431373
0.0784314
0.0901961
0.0980392
0.137255
0.133333
0.215686
0.388235
0.113725
0.164706
0.2
0.121569
0.168627
0.215686
0.12549
0.172549
0.219608
0.109804
0.188235
0.321569
0.2
0.2
0.192157
0.235294
0.235294
0.160784
0.141176
0.270588
0.462745
0.262745
0.117647
0.121569
0.431373
0.694118
0.831373
0.101961
0.247059
0.478431
0.305882
0.364706
0.435294
0.164706
0.270588
0.313726
0.431373
0.247059
0.0941176
0.835294
0.815686
0.803922
0.623529
0.352941
0.156863
1
0.603922
0.160784
0.329412
0.133333
0.129412
0.298039
0.184314
0.156863
0.768627
0.470588
0.337255
0.262745
0.188235
0.176471
0.572549
0.223529
0.180392
0.231373
0.254902
0.239216
0.243137
0.215686
0.184314
0.192157
0.188235
0.176471
0.454902
0.709804
0.933333
0.286275
0.290196
0.266667
0.266667
0.290196
0.290196
0.109804
0.145098
0.180392
0.188235
0.247059
0.266667
0.160784
0.215686
0.266667
0.137255
0.176471
0.223529
0.137255
0.184314
0.239216
0.137255
0.188235
0.25098
0.137255
0.188235
0.25098
0.12549
0.180392
0.215686
0.133333
0.121569
0.156863
0.109804
0.156863
0.211765
0.0235294
0.0901961
0.129412
0.129412
0.27451
0.466667
0.388235
0.603922
0.788235
0.427451
0.654902
0.8
0.0980392
0.054902
0.0901961
0.290196
0.32549
0.356863
0.396078
0.258824
0.215686
0.352941
0.196078
0.141176
0.329412
0.145098
0.0980392
1
0.619608
0.211765
0.733333
0.611765
0.529412
0.588235
0.34902
0.176471
0.572549
0.560784
0.501961
0.964706
1
0.952941
0.666667
0.305882
0.172549
0.290196
0.258824
0.25098
0.231373
0.196078
0.168627
0.235294
0.223529
0.196078
0.309804
0.305882
0.290196
0.443137
0.717647
0.921569
0.141176
0.156863
0.152941
0.305882
0.317647
0.298039
0.356863
0.321569
0.301961
0.807843
0.8
0.717647
0.356863
0.337255
0.313726
0.290196
0.294118
0.278431
0.14902
0.192157
0.239216
0.141176
0.192157
0.254902
0.137255
0.184314
0.239216
0.105882
0.160784
0.196078
0.105882
0.160784
0.196078
0.192157
0.262745
0.34902
0.564706
0.556863
0.494118
0.137255
0.247059
0.435294
0.282353
0.556863
0.756863
0.698039
0.231373
0.101961
0.152941
0.129412
0.141176
0.0901961
0.117647
0.184314
0.247059
0.262745
0.286275
0.682353
0.415686
0.223529
0.215686
0.168627
0.168627
0.717647
0.662745
0.556863
0.411765
0.219608
0.12549
0.619608
0.584314
0.466667
0.92549
0.894118
0.74902
0.768627
0.356863
0.219608
0.282353
0.25098
0.239216
0.32549
0.243137
0.180392
0.282353
0.247059
0.211765
0.27451
0.258824
0.231373
0.247059
0.243137
0.227451
0.439216
0.713726
0.917647
0.411765
0.415686
0.392157
0.380392
0.341176
0.333333
0.329412
0.317647
0.282353
0.364706
0.352941
0.32549
0.345098
0.329412
0.294118
0.372549
0.345098
0.294118
0.364706
0.337255
0.298039
0.34902
0.341176
0.294118
0.168627
0.180392
0.168627
0.317647
0.337255
0.34902
0.117647
0.152941
0.180392
0.0901961
0.129412
0.172549
0.0745098
0.109804
0.117647
0.403922
0.231373
0.207843
0.466667
0.133333
0.0745098
0.231373
0.192157
0.196078
0.133333
0.184314
0.211765
0.392157
0.168627
0.172549
0.427451
0.27451
0.223529
0.431373
0.486275
0.498039
0.427451
0.431373
0.403922
0.298039
0.423529
0.54902
0.27451
0.27451
0.278431
0.929412
0.909804
0.741176
0.729412
0.427451
0.247059
0.254902
0.262745
0.243137
0.423529
0.223529
0.14902
0.27451
0.219608
0.184314
0.25098
0.223529
0.184314
0.270588
0.266667
0.25098
0.270588
0.286275
0.286275
0.439216
0.701961
0.905882
0.317647
0.294118
0.235294
0.337255
0.32549
0.290196
0.364706
0.352941
0.317647
0.545098
0.537255
0.486275
0.45098
0.478431
0.490196
0.384314
0.403922
0.384314
0.34902
0.309804
0.266667
0.368627
0.333333
0.305882
0.423529
0.423529
0.384314
0.686275
0.65098
0.568627
0.282353
0.270588
0.223529
0.345098
0.317647
0.278431
0.188235
0.203922
0.215686
0.729412
0.435294
0.368627
0.423529
0.368627
0.333333
0.0470588
0.0509804
0.0666667
0.160784
0.160784
0.180392
0.407843
0.207843
0.156863
0.415686
0.227451
0.14902
0.133333
0.184314
0.25098
0.160784
0.196078
0.329412
0.396078
0.203922
0.109804
0.737255
0.423529
0.278431
0.768627
0.419608
0.247059
0.278431
0.211765
0.196078
0.890196
0.513726
0.305882
0.301961
0.215686
0.152941
0.247059
0.207843
0.172549
0.243137
0.227451
0.192157
0.266667
0.258824
0.239216
0.25098
0.270588
0.247059
0.447059
0.72549
0.929412
0.345098
0.329412
0.294118
0.372549
0.356863
0.309804
0.0588235
0.0862745
0.12549
0.0705882
0.0980392
0.121569
0.996078
0.988235
0.941176
0.984314
0.929412
0.890196
0.733333
0.709804
0.627451
0.380392
0.356863
0.301961
0.364706
0.34902
0.309804
0.32549
0.309804
0.278431
0.345098
0.321569
0.278431
0.384314
0.341176
0.309804
0.537255
0.482353
0.4
0.917647
0.847059
0.65098
0.121569
0.137255
0.145098
0.607843
0.4
0.345098
0.505882
0.247059
0.192157
0.270588
0.141176
0.129412
0.188235
0.172549
0.168627
0.313726
0.196078
0.152941
0.207843
0.152941
0.14902
0.662745
0.517647
0.392157
0.435294
0.396078
0.345098
0.298039
0.109804
0.0431373
0.266667
0.172549
0.133333
0.372549
0.215686
0.117647
0.215686
0.188235
0.14902
0.215686
0.2
0.156863
0.286275
0.270588
0.227451
0.247059
0.25098
0.235294
0.239216
0.247059
0.235294
0.501961
0.733333
0.898039
0.341176
0.32549
0.282353
0.388235
0.360784
0.321569
0.298039
0.407843
0.490196
0.988235
1
0.980392
0.466667
0.537255
0.552941
1
0.960784
0.94902
0.85098
0.796078
0.737255
0.427451
0.14902
0.164706
0.352941
0.32549
0.298039
0.345098
0.313726
0.231373
0.301961
0.278431
0.215686
0.603922
0.529412
0.403922
0.670588
0.596078
0.4
0.576471
0.392157
0.337255
0.623529
0.419608
0.333333
0.556863
0.321569
0.25098
0.584314
0.376471
0.317647
0.415686
0.2
0.141176
0.537255
0.313726
0.27451
0.470588
0.243137
0.156863
0.25098
0.0745098
0.0235294
0.686275
0.698039
0.580392
0.568627
0.298039
0.231373
0.231373
0.266667
0.27451
0.423529
0.239216
0.168627
0.231373
0.184314
0.133333
0.231373
0.2
0.156863
0.223529
0.196078
0.156863
0.235294
0.207843
0.168627
0.243137
0.239216
0.219608
0.211765
0.227451
0.231373
0.482353
0.729412
0.898039
0.313726
0.298039
0.262745
0.372549
0.356863
0.313726
0.352941
0.352941
0.329412
0.384314
0.431373
0.466667
0.4
0.407843
0.458824
0.988235
0.984314
0.960784
0.396078
0.419608
0.396078
0.486275
0.560784
0.588235
0.423529
0.415686
0.447059
0.670588
0.694118
0.67451
0.745098
0.74902
0.67451
0.647059
0.572549
0.486275
0.423529
0.152941
0.105882
0.427451
0.176471
0.156863
0.482353
0.254902
0.223529
0.439216
0.215686
0.188235
0.25098
0.196078
0.196078
0.6
0.364706
0.321569
0.533333
0.247059
0.211765
0.54902
0.317647
0.301961
0.654902
0.270588
0.180392
0.533333
0.317647
0.239216
0.345098
0.286275
0.227451
0.419608
0.243137
0.156863
0.231373
0.160784
0.121569
0.211765
0.172549
0.137255
0.305882
0.27451
0.223529
0.266667
0.239216
0.2
0.262745
0.25098
0.223529
0.243137
0.239216
0.219608
0.254902
0.262745
0.25098
0.486275
0.709804
0.905882
0.329412
0.313726
0.278431
0.341176
0.345098
0.337255
0.278431
0.262745
0.215686
0.47451
0.52549
0.545098
0.498039
0.501961
0.513726
0.447059
0.321569
0.266667
0.372549
0.301961
0.27451
0.356863
0.32549
0.329412
0.443137
0.494118
0.529412
0.721569
0.654902
0.627451
0.580392
0.423529
0.396078
0.721569
0.729412
0.678431
0.72549
0.717647
0.658824
0.596078
0.65098
0.611765
0.501961
0.254902
0.227451
0.494118
0.262745
0.219608
0.509804
0.262745
0.223529
0.486275
0.219608
0.2
0.172549
0.109804
0.054902
0.431373
0.0588235
0.0196078
0.207843
0.231373
0.2
0.729412
0.498039
0.305882
0.380392
0.239216
0.156863
0.223529
0.184314
0.145098
0.231373
0.203922
0.164706
0.309804
0.286275
0.231373
0.32549
0.301961
0.247059
0.286275
0.270588
0.235294
0.243137
0.223529
0.2
0.231373
0.227451
0.207843
0.215686
0.215686
0.215686
0.541176
0.760784
0.960784
0.329412
0.317647
0.290196
0.290196
0.294118
0.270588
0.364706
0.333333
0.286275
0.439216
0.505882
0.545098
0.392157
0.427451
0.45098
0.917647
0.913725
0.890196
0.478431
0.521569
0.529412
0.984314
0.980392
0.952941
0.341176
0.25098
0.254902
0.545098
0.317647
0.254902
0.996078
0.498039
0.313726
0.67451
0.654902
0.576471
0.623529
0.627451
0.607843
0.721569
0.729412
0.670588
0.988235
1
0.92549
0.505882
0.282353
0.207843
0.478431
0.211765
0.207843
0.572549
0.262745
0.211765
0.72549
0.407843
0.282353
0.235294
0.25098
0.247059
0.752941
0.521569
0.372549
0.388235
0.231373
0.164706
0.207843
0.168627
0.121569
0.223529
0.168627
0.117647
0.345098
0.298039
0.25098
0.337255
0.309804
0.247059
0.282353
0.254902
0.215686
0.258824
0.243137
0.207843
0.227451
0.215686
0.196078
0.254902
0.243137
0.219608
0.184314
0.2
0.196078
0.223529
0.411765
0.592157
0.337255
0.321569
0.290196
0.411765
0.454902
0.478431
0.121569
0.172549
0.207843
0.419608
0.482353
0.529412
0.305882
0.172549
0.160784
0.639216
0.521569
0.462745
0.517647
0.552941
0.533333
1
1
1
0.756863
0.192157
0.129412
0.894118
0.235294
0.129412
0.145098
0.211765
0.419608
0.345098
0.458824
0.505882
0.462745
0.690196
0.745098
0.572549
0.54902
0.517647
0.972549
0.929412
0.760784
0.423529
0.219608
0.164706
0.709804
0.32549
0.192157
0.329412
0.027451
0
0.729412
0.713726
0.717647
0.905882
0.560784
0.392157
0.270588
0.196078
0.137255
0.254902
0.227451
0.188235
0.317647
0.270588
0.223529
0.298039
0.247059
0.184314
0.368627
0.333333
0.282353
0.254902
0.231373
0.184314
0.345098
0.317647
0.278431
0.231373
0.211765
0.188235
0.231373
0.235294
0.211765
0.223529
0.219608
0.2
0.247059
0.25098
0.231373
0.0235294
0.152941
0.34902
0.105882
0.156863
0.192157
0.12549
0.164706
0.203922
0.137255
0.176471
0.223529
0.419608
0.498039
0.556863
0.411765
0.447059
0.505882
0.882353
0.862745
0.831373
0.501961
0.509804
0.490196
0.992157
0.988235
0.972549
0.831373
0.25098
0.101961
0.368627
0.4
0.521569
0.352941
0.486275
0.564706
0.498039
0.741176
0.823529
0.403922
0.576471
0.572549
0.572549
0.501961
0.356863
0.980392
0.972549
0.913725
0.615686
0.321569
0.227451
0.686275
0.305882
0.2
0.211765
0.2
0.156863
0.933333
0.576471
0.4
0.321569
0.211765
0.137255
0.298039
0.258824
0.219608
0.235294
0.196078
0.156863
0.329412
0.282353
0.227451
0.239216
0.207843
0.156863
0.360784
0.329412
0.278431
0.298039
0.270588
0.231373
0.258824
0.243137
0.2
0.239216
0.219608
0.196078
0.239216
0.219608
0.196078
0.219608
0.215686
0.196078
0.247059
0.231373
0.219608
0.313726
0.313726
0.305882
0.305882
0.313726
0.309804
0.105882
0.152941
0.2
0.113725
0.137255
0.184314
0.160784
0.196078
0.223529
0.368627
0.423529
0.466667
0.741176
0.741176
0.686275
0.501961
0.501961
0.494118
1
1
0.992157
0.898039
0.886275
0.839216
0.0235294
0.0431373
0.2
0.443137
0.678431
0.752941
0.94902
0.34902
0.352941
0.980392
1
0.94902
0.984314
0.980392
0.909804
0.603922
0.415686
0.294118
0.694118
0.345098
0.278431
0.203922
0.235294
0.203922
0.756863
0.439216
0.305882
0.227451
0.160784
0.0901961
0.180392
0.141176
0.0980392
0.219608
0.184314
0.14902
0.262745
0.231373
0.188235
0.352941
0.313726
0.266667
0.360784
0.32549
0.290196
0.270588
0.243137
0.203922
0.313726
0.286275
0.247059
0.313726
0.298039
0.262745
0.239216
0.227451
0.2
0.223529
0.211765
0.184314
0.247059
0.235294
0.207843
0.254902
0.239216
0.227451
0.384314
0.596078
0.741176
0.247059
0.309804
0.372549
0.141176
0.180392
0.231373
0.376471
0.329412
0.321569
0.321569
0.286275
0.329412
0.14902
0.156863
0.215686
0.443137
0.466667
0.458824
0.568627
0.380392
0.356863
1
0.972549
0.956863
0.529412
0.501961
0.419608
0.0156863
0.0627451
0.12549
0.956863
0.470588
0.396078
0.886275
0.380392
0.309804
0.831373
0.34902
0.305882
0.752941
0.368627
0.25098
0.415686
0.360784
0.333333
0.427451
0.294118
0.180392
0.470588
0.168627
0.0627451
0.305882
0.231373
0.172549
0.286275
0.247059
0.2
0.243137
0.207843
0.172549
0.235294
0.207843
0.176471
0.227451
0.192157
0.164706
0.309804
0.27451
0.239216
0.239216
0.211765
0.172549
0.337255
0.309804
0.270588
0.27451
0.247059
0.215686
0.337255
0.317647
0.294118
0.282353
0.266667
0.247059
0.223529
0.211765
0.192157
0.203922
0.2
0.180392
0.235294
0.219608
0.215686
0.784314
0.231373
0.133333
0.027451
0.0588235
0.0784314
0.145098
0.172549
0.203922
0.105882
0.113725
0.14902
0.494118
0.552941
0.572549
0.427451
0.45098
0.501961
0.0823529
0.0784314
0.0745098
0.592157
0.607843
0.556863
0.498039
0.333333
0.262745
0.34902
0.247059
0.192157
0.462745
0.356863
0.290196
0.705882
0.498039
0.333333
0.756863
0.482353
0.329412
0.317647
0.156863
0.0313726
0.231373
0.211765
0.196078
0.803922
0.509804
0.360784
0.352941
0.2
0.113725
0.254902
0.207843
0.145098
0.360784
0.32549
0.290196
0.313726
0.278431
0.25098
0.258824
0.231373
0.192157
0.270588
0.243137
0.211765
0.243137
0.231373
0.196078
0.239216
0.231373
0.184314
0.333333
0.301961
0.258824
0.301961
0.278431
0.231373
0.219608
0.203922
0.168627
0.219608
0.2
0.176471
0.247059
0.227451
0.203922
0.227451
0.231373
0.207843
0.227451
0.215686
0.2
0.247059
0.243137
0.227451
0.32549
0.196078
0.0980392
0.133333
0.137255
0.145098
0.0666667
0.0784314
0.0980392
0.113725
0.0784314
0.0862745
0.0431373
0.0352941
0.113725
0.364706
0.427451
0.52549
0.482353
0.478431
0.462745
0.603922
0.341176
0.266667
0.560784
0.470588
0.415686
0.458824
0.392157
0.313726
0.290196
0.227451
0.133333
0.682353
0.47451
0.313726
0.580392
0.360784
0.329412
0.227451
0.211765
0.203922
0.729412
0.454902
0.321569
0.34902
0.227451
0.145098
0.227451
0.188235
0.141176
0.223529
0.188235
0.14902
0.396078
0.368627
0.337255
0.337255
0.317647
0.294118
0.235294
0.215686
0.192157
0.231373
0.211765
0.188235
0.207843
0.192157
0.156863
0.254902
0.239216
0.203922
0.262745
0.247059
0.211765
0.321569
0.305882
0.270588
0.27451
0.254902
0.231373
0.192157
0.180392
0.160784
0.215686
0.215686
0.207843
0.231373
0.235294
0.215686
0.227451
0.207843
0.192157
0.227451
0.211765
0.176471
0.611765
0.529412
0.321569
0.223529
0.247059
0.2
0.0392157
0.0588235
0.0823529
0.0705882
0.0980392
0.129412
0.054902
0.0470588
0.0980392
0.172549
0.0627451
0.0470588
0.372549
0.156863
0.129412
0.929412
0.458824
0.215686
0.176471
0.164706
0.141176
0.572549
0.454902
0.376471
0.4
0.368627
0.337255
0.372549
0.286275
0.258824
0.278431
0.282353
0.258824
0.862745
0.470588
0.27451
0.333333
0.227451
0.152941
0.301961
0.25098
0.184314
0.227451
0.188235
0.152941
0.25098
0.231373
0.207843
0.4
0.372549
0.341176
0.266667
0.254902
0.227451
0.270588
0.25098
0.235294
0.239216
0.219608
0.196078
0.219608
0.2
0.180392
0.219608
0.2
0.184314
0.2
0.188235
0.160784
0.321569
0.301961
0.278431
0.262745
0.243137
0.219608
0.239216
0.227451
0.2
0.247059
0.235294
0.207843
0.227451
0.223529
0.207843
0.25098
0.235294
0.215686
0.243137
0.223529
0.207843
0.552941
0.513726
0.27451
0.0941176
0.113725
0.105882
0.0980392
0.121569
0.12549
0.0588235
0.0705882
0.145098
0.0352941
0.0627451
0.0941176
0.494118
0.537255
0.607843
0.12549
0.121569
0.141176
0.329412
0.227451
0.188235
0.54902
0.458824
0.254902
0.207843
0.207843
0.2
0.184314
0.180392
0.160784
0.2
0.133333
0.113725
0.305882
0.2
0.133333
0.321569
0.215686
0.141176
0.243137
0.207843
0.152941
0.384314
0.352941
0.278431
0.239216
0.211765
0.180392
0.231373
0.227451
0.188235
0.254902
0.239216
0.203922
0.25098
0.231373
0.207843
0.247059
0.227451
0.203922
0.25098
0.239216
0.219608
0.254902
0.235294
0.211765
0.25098
0.239216
0.219608
0.286275
0.27451
0.247059
0.243137
0.239216
0.207843
0.27451
0.262745
0.235294
0.258824
0.247059
0.219608
0.227451
0.215686
0.196078
0.239216
0.223529
0.196078
0.203922
0.2
0.180392
0.239216
0.219608
0.196078
0.615686
0.529412
0.384314
0.00784314
0.0117647
0.027451
0.0313726
0.0509804
0.0745098
0.0352941
0.0627451
0.101961
0.0627451
0.0901961
0.113725
0.0431373
0.0745098
0.0823529
0.0313726
0.0470588
0.0901961
0.0117647
0.0313726
0.054902
0.192157
0.188235
0.172549
0.301961
0.309804
0.298039
0.196078
0.141176
0.0901961
0.290196
0.184314
0.117647
0.262745
0.211765
0.14902
0.333333
0.278431
0.227451
0.294118
0.254902
0.184314
0.427451
0.4
0.329412
0.270588
0.243137
0.211765
0.215686
0.203922
0.172549
0.266667
0.25098
0.215686
0.231373
0.231373
0.2
0.239216
0.227451
0.2
0.254902
0.235294
0.211765
0.219608
0.207843
0.188235
0.282353
0.262745
0.239216
0.278431
0.266667
0.239216
0.247059
0.227451
0.203922
0.34902
0.329412
0.305882
0.223529
0.211765
0.192157
0.247059
0.243137
0.227451
0.219608
0.223529
0.2
0.254902
0.25098
0.231373
0.270588
0.258824
0.231373
0.164706
0.137255
0.0745098
0.145098
0.129412
0.0862745
0.0666667
0.0784314
0.105882
0.0627451
0.0823529
0.105882
0.054902
0.0823529
0.121569
0.0705882
0.0941176
0.101961
0.0666667
0.0823529
0.117647
0.0313726
0.0588235
0.0901961
0.207843
0.196078
0.168627
0.207843
0.156863
0.121569
0.239216
0.184314
0.133333
0.231373
0.184314
0.137255
0.258824
0.219608
0.172549
0.337255
0.27451
0.223529
0.388235
0.360784
0.294118
0.372549
0.34902
0.286275
0.317647
0.301961
0.258824
0.239216
0.235294
0.207843
0.254902
0.243137
0.215686
0.239216
0.235294
0.219608
0.25098
0.231373
0.215686
0.227451
0.215686
0.196078
0.243137
0.231373
0.211765
0.286275
0.254902
0.243137
0.270588
0.258824
0.239216
0.227451
0.215686
0.196078
0.235294
0.223529
0.203922
0.227451
0.211765
0.2
0.254902
0.243137
0.223529
0.266667
0.247059
0.223529
0.243137
0.227451
0.207843
0.207843
0.203922
0.184314
0.188235
0.160784
0.0980392
0.164706
0.14902
0.105882
0.172549
0.145098
0.113725
0.207843
0.180392
0.14902
0.184314
0.176471
0.14902
0.215686
0.184314
0.141176
0.207843
0.172549
0.137255
0.207843
0.176471
0.133333
0.207843
0.176471
0.129412
0.219608
0.184314
0.14902
0.231373
0.203922
0.168627
0.25098
0.211765
0.172549
0.301961
0.239216
0.180392
0.32549
0.27451
0.211765
0.427451
0.4
0.337255
0.423529
0.407843
0.364706
0.266667
0.254902
0.235294
0.266667
0.254902
0.227451
0.231373
0.219608
0.2
0.223529
0.211765
0.192157
0.247059
0.235294
0.215686
0.254902
0.235294
0.211765
0.266667
0.25098
0.239216
0.223529
0.219608
0.2
0.247059
0.243137
0.223529
0.223529
0.219608
0.2
0.235294
0.231373
0.211765
0.223529
0.219608
0.203922
0.239216
0.231373
0.211765
0.231373
0.219608
0.2
0.227451
0.211765
0.196078
0.223529
0.211765
0.188235
