0.000000
8.112911
0.000000
0.000000
0.000000
0.759853
0.000000
0.000000
0.000000
0.000000
0.000000
0.000000
0.000000
0.000000
0.000000
0.000000
0.000000
0.299483
0.000000
0.000000
0.000000
0.000000
0.000000
0.000000
0.221436
0.000000
0.000000
5.102359
0.000000
0.000000
1.980870
0.000000
0.000000
0.000000
0.000000
10.125504
0.000000
0.000000
0.000000
0.000000
0.000000
0.000000
0.000000
0.000000
0.000000
0.000000
0.000000
0.000000
0.000000
0.000000
1.115728
0.000000
0.000000
0.000000
0.000000
0.000000
0.000000
0.000000
0.000000
0.000000
0.000000
3.366802
0.000000
0.000000
0.000000
0.000000
0.000000
0.000000
0.000000
0.000000
0.000000
0.000000
0.000000
0.000000
0.000000
0.000000
0.000000
2.156194
0.000000
0.000000
0.000000
0.000000
0.000000
0.000000
0.000000
0.000000
0.000000
0.000000
0.000000
0.000000
9.352527
0.000000
0.000000
0.000000
0.000000
1.052047
3.172498
0.000000
0.000000
0.000000
0.000000
0.000000
0.000000
0.000000
0.000000
0.000000
0.000000
0.000000
0.000000
0.000000
0.000000
0.000000
0.000000
0.000000
0.000000
0.000000
0.000000
0.000000
0.000000
0.000000
0.000000
0.000000
0.000000
0.000000
8.118368
4.737115
0.000000
0.000000
0.000000
0.000000
2.983618
0.000000
2.280041
0.000000
0.000000
0.000000
0.096094
0.000000
0.000000
0.000000
0.000000
0.000000
0.000000
0.000000
0.000000
0.000000
0.000000
0.000000
0.000000
0.000000
0.000000
0.000000
6.664224
0.000000
0.000000
0.000000
0.000000
0.000000
0.000000
0.000000
0.000000
0.000000
5.325555
0.000000
0.000000
0.000000
0.000000
0.000000
0.000000
0.000000
1.557113
0.000000
0.000000
0.000000
0.000000
0.000000
0.000000
0.000000
0.000000
0.000000
0.000000
0.000000
0.000000
0.000000
0.000000
0.000000
0.000000
0.000000
0.348417
0.000000
0.000000
0.000000
0.000000
0.000000
0.000000
0.000000
0.000000
0.707199
0.000000
0.000000
0.341385
0.000000
0.000000
0.000000
0.000000
0.000000
2.874106
0.000000
0.000000
0.000000
0.000000
0.000000
0.871494
0.000000
0.000000
0.000000
0.000000
0.000000
0.000000
0.000000
0.000000
0.000000
0.000000
0.000000
0.000000
0.000000
0.000000
3.173121
0.000000
0.000000
0.000000
0.000000
3.962026
0.000000
0.000000
0.000000
0.000000
0.000000
0.000000
0.000000
0.000000
0.051914
0.000000
0.000000
0.000000
0.000000
0.000000
0.000000
0.000000
0.000000
0.000000
0.000000
0.000000
0.000000
0.000000
0.000000
0.000000
0.000000
0.000000
0.000000
0.000000
0.000000
0.000000
0.000000
0.000000
0.000000
0.000000
0.000000
0.000000
0.000000
3.683198
0.000000
0.000000
0.000000
0.823289
0.000000
0.000000
0.000000
0.000000
0.000000
0.000000
0.000000
0.000000
8.252671
0.000000
0.000000
0.000000
0.000000
0.000000
0.000000
0.000000
0.000000
0.000000
0.000000
0.000000
0.000000
0.000000
0.000000
0.000000
0.695528
0.000000
0.000000
0.000000
0.000000
0.000000
0.000000
4.424450
0.000000
0.000000
0.000000
0.000000
0.000000
1.948426
0.000000
0.000000
0.000000
0.000000
0.000000
0.000000
0.000000
0.000000
0.000000
0.000000
0.000000
0.000000
0.000000
0.836087
0.000000
9.279585
0.000000
0.000000
0.000000
0.000000
0.000000
0.000000
0.000000
0.000000
0.000000
0.000000
0.000000
0.000000
0.000000
0.000000
0.000000
0.000000
0.000000
0.000000
4.049534
0.000000
0.000000
0.000000
2.861143
0.000000
6.602581
0.000000
0.000000
2.346040
5.425639
0.000000
0.000000
0.000000
0.000000
0.000000
0.000000
0.000000
0.000000
0.000000
0.000000
0.000000
0.000000
0.000000
0.000000
2.689550
0.000000
0.000000
0.000000
0.000000
0.000000
0.000000
0.000000
0.000000
0.000000
0.000000
0.000000
