-0.253480
-0.372096
0.445888
-0.275209
8.668270
-0.378424
-0.386396
-0.285050
-0.370990
-0.382711
-0.319413
-0.173181
-0.393876
0.511517
-0.411934
-0.227028
-0.427967
-0.254241
-0.305686
-0.423421
-0.248316
-0.215382
-0.369164
0.229496
-0.329834
-0.348911
-0.394797
-0.253418
-0.412080
6.597619
-0.257055
-0.303587
0.045636
0.910027
-0.287934
-0.334890
-0.279461
-0.390482
-0.322250
0.592959
-0.198865
-0.329646
4.609463
-0.323181
-0.256606
-0.334036
-0.284373
-0.331801
-0.184834
-0.352354
-0.428844
-0.122035
-0.405997
-0.454596
1.351562
-0.362168
-0.209379
3.154773
-0.301916
2.318159
-0.431067
-0.242454
3.833944
-0.235273
-0.037717
0.212889
0.775743
-0.409786
-0.272466
1.803486
2.236104
-0.350687
-0.338560
5.694480
-0.350517
1.891918
0.405297
-0.330248
-0.391516
0.921709
2.026061
-0.335211
-0.392937
-0.222532
-0.352457
1.385300
-0.356200
-0.284634
-0.347373
5.206190
-0.283677
0.912630
-0.453348
-0.409215
-0.382211
-0.251919
-0.322114
-0.215489
-0.343919
-0.332823
-0.481155
-0.354753
-0.291794
-0.328826
0.393412
-0.306616
-0.278796
-0.328741
-0.341890
-0.361390
-0.334188
-0.370378
3.518517
1.824107
2.440420
-0.398265
-0.241186
-0.330829
-0.353819
-0.208372
-0.272598
-0.263957
-0.347774
-0.331141
-0.340270
-0.257616
-0.226081
0.155530
-0.210364
-0.305638
-0.409094
-0.281028
-0.228389
-0.394816
-0.336396
-0.340550
-0.402394
-0.333607
-0.335429
-0.437918
-0.313562
-0.387032
0.414475
6.790477
1.008026
-0.336161
-0.293541
0.348847
-0.391519
-0.307196
2.292467
-0.300875
2.006541
-0.412168
-0.332854
-0.461674
0.777147
2.965475
-0.263579
-0.212005
-0.453404
-0.297263
-0.396650
-0.341625
0.276524
-0.237955
0.199093
-0.412432
-0.380500
-0.257874
0.469071
2.777237
0.807339
-0.407550
2.507524
2.753586
-0.276508
-0.273471
-0.317051
-0.408381
-0.538101
-0.349578
-0.275497
-0.239465
1.428785
-0.406686
-0.271049
-0.348776
-0.264765
-0.450034
-0.357315
2.680873
-0.551120
0.737583
2.061316
-0.218196
-0.353980
-0.231664
-0.360421
-0.368075
0.816319
-0.387200
-0.323291
8.790575
-0.207758
-0.395572
-0.223007
-0.220189
-0.305981
-0.359408
-0.372866
-0.002922
-0.314412
-0.396939
-0.269719
-0.263236
-0.331966
-0.443117
-0.455859
-0.347032
-0.253434
0.293304
11.694434
1.485428
3.646732
-0.349378
-0.075662
-0.324456
-0.272490
-0.307502
-0.264078
-0.330260
-0.310672
-0.384196
-0.392320
-0.337572
-0.196421
0.393147
-0.260508
-0.266473
-0.293064
-0.400128
-0.273639
-0.258366
0.051781
-0.272150
-0.282362
-0.283290
-0.378858
-0.361745
-0.351843
-0.386297
-0.337983
-0.251319
-0.347097
-0.168694
-0.253480
-0.372096
-0.523019
5.144185
2.033049
-0.378424
-0.386396
0.013689
-0.370990
-0.382711
-0.319413
-0.173181
2.130252
0.399058
-0.411934
-0.227028
-0.427967
-0.254241
3.261157
0.035593
0.544937
-0.215382
-0.369164
-0.319297
-0.329834
-0.348911
-0.394797
-0.253418
-0.412080
8.787936
-0.257055
-0.303587
-0.295314
-0.212907
4.161809
-0.334890
-0.279461
-0.390482
-0.322250
-0.108130
-0.198865
2.590033
2.719626
-0.323181
-0.256606
-0.334036
-0.284373
-0.331801
-0.184834
-0.352354
-0.428844
0.509705
-0.405997
-0.454596
7.707517
-0.362168
0.430633
0.144288
-0.301916
1.473125
-0.431067
-0.242454
0.529581
-0.235273
0.872011
-0.320724
-0.502714
-0.409786
0.592310
-0.320535
-0.404208
-0.350687
-0.338560
-0.318352
-0.350517
-0.380532
-0.351341
-0.330248
0.627701
-0.268696
0.490447
-0.335211
-0.392937
-0.222532
-0.352457
3.715577
-0.356200
11.619732
-0.347373
3.320319
0.181387
1.471727
-0.453348
1.362774
4.198044
-0.251919
2.782905
1.692062
2.046615
-0.332823
-0.481155
-0.354753
-0.291794
-0.328826
0.190376
-0.306616
-0.223928
-0.328741
0.860205
-0.361390
0.617573
-0.370378
-0.371657
3.824898
-0.355501
-0.398265
-0.241186
-0.330829
-0.353819
3.323430
9.953281
-0.263957
-0.347774
-0.331141
-0.340270
-0.257616
2.877613
3.063236
-0.210364
-0.305638
-0.409094
0.255468
-0.365650
-0.394816
-0.336396
-0.340550
2.686354
-0.333607
-0.335429
-0.437918
-0.313562
8.595598
9.921021
4.773619
-0.260139
-0.336161
-0.293541
0.803373
-0.391519
-0.307196
-0.367980
0.098402
5.942627
-0.412168
-0.332854
-0.457827
3.176075
-0.192759
-0.263579
-0.212005
0.607014
3.395895
-0.396650
1.380370
-0.199350
-0.237955
-0.488297
-0.412432
-0.380500
-0.257874
0.580298
-0.379070
-0.382444
-0.407550
0.659912
-0.322225
-0.276508
-0.273471
-0.317051
-0.408381
0.461195
-0.349578
4.143050
-0.239465
3.363078
-0.406686
4.198328
-0.348776
2.741379
-0.450034
-0.321010
-0.391863
0.847679
3.669606
-0.276999
-0.218196
-0.353980
-0.231664
-0.360421
-0.368075
-0.400913
-0.387200
-0.323291
-0.421698
-0.207758
-0.395572
-0.223007
-0.220189
-0.305981
-0.359408
-0.372866
2.645826
-0.314412
0.996557
-0.269719
-0.263236
-0.331966
-0.443117
1.440102
-0.198489
-0.253434
0.981303
-0.238310
4.438329
7.019645
-0.349378
-0.386694
-0.324456
2.584465
-0.307502
-0.264078
1.939886
-0.310672
-0.384196
0.231397
-0.337572
-0.196421
4.749833
0.245503
9.861865
-0.293064
2.082836
-0.273639
-0.258366
-0.269087
-0.272150
7.181342
-0.283290
-0.378858
-0.361745
-0.351843
-0.047550
-0.337983
10.508685
3.950812
1.197341
-0.253480
-0.372096
-0.523019
-0.275209
-0.288130
-0.378424
-0.386396
-0.285050
-0.370990
0.997916
-0.319413
-0.173181
-0.393876
1.092333
-0.411934
-0.227028
-0.427967
-0.254241
-0.305686
-0.423421
-0.248316
-0.215382
3.040590
-0.319297
-0.329834
-0.348911
-0.394797
-0.253418
-0.412080
-0.303457
-0.257055
-0.303587
-0.295314
-0.212907
-0.287934
-0.334890
-0.279461
-0.390482
-0.322250
-0.741315
-0.198865
-0.329646
-0.350615
-0.323181
-0.256606
-0.334036
-0.284373
0.058413
-0.184834
7.412205
-0.428844
-0.122035
-0.019191
-0.454596
3.386450
-0.362168
-0.209379
-0.372923
1.812198
-0.412456
1.180633
-0.242454
-0.434964
-0.235273
0.319820
-0.320724
3.030136
9.351139
3.209565
8.490627
-0.404208
-0.350687
-0.338560
-0.318352
-0.350517
0.152514
-0.351341
-0.330248
-0.391516
-0.268696
-0.343564
-0.335211
-0.392937
-0.222532
-0.352457
-0.411704
1.263094
-0.284634
-0.347373
-0.206410
-0.283677
2.623772
-0.453348
0.616030
3.973090
3.245823
0.890041
-0.375624
-0.343919
-0.332823
-0.481155
-0.354753
-0.291794
-0.328826
-0.508081
0.078278
-0.278796
-0.328741
-0.341890
-0.361390
5.315485
-0.370378
0.655266
0.801045
3.176050
-0.398265
-0.241186
-0.330829
-0.353819
-0.208372
-0.272598
-0.263957
-0.347774
5.756554
4.229287
-0.257616
-0.471051
-0.215696
-0.210364
-0.305638
-0.409094
-0.281028
-0.365650
-0.394816
-0.336396
-0.340550
-0.402394
-0.333607
-0.335429
-0.437918
-0.313562
1.918592
0.004099
-0.353562
-0.260139
-0.336161
-0.293541
0.649936
-0.391519
-0.307196
6.586233
-0.300875
-0.341149
-0.412168
-0.332854
-0.510034
-0.062263
-0.266598
-0.263579
-0.212005
-0.453404
-0.297263
-0.396650
-0.341625
-0.442042
-0.237955
-0.488297
0.796729
-0.380500
-0.257874
-0.245418
-0.379070
-0.382444
-0.407550
1.875643
-0.322225
-0.276508
0.812611
-0.317051
-0.408381
-0.538101
-0.349578
1.654322
-0.239465
1.356125
-0.406686
8.039968
-0.348776
-0.175349
-0.450034
-0.357315
1.152161
0.705326
-0.446675
-0.197617
-0.218196
-0.353980
-0.231664
-0.360421
2.683485
5.772500
-0.387200
-0.323291
-0.421698
-0.207758
2.227454
1.541234
-0.220189
-0.305981
-0.359408
-0.372866
5.171382
-0.314412
-0.145543
-0.269719
-0.263236
1.479060
-0.150164
-0.455859
-0.347032
1.693799
-0.501318
-0.238310
3.059173
2.508068
-0.349378
-0.386694
-0.324456
6.760033
-0.307502
-0.264078
2.502413
2.568583
-0.384196
0.246647
-0.337572
-0.196421
-0.306206
5.507838
1.757525
-0.293064
0.140728
-0.273639
-0.258366
-0.269087
-0.272150
7.333804
-0.283290
-0.378858
-0.361745
-0.351843
2.770009
-0.337983
1.188572
2.245166
-0.304737
-0.253480
-0.372096
-0.523019
-0.275209
-0.288130
-0.378424
1.872034
-0.285050
-0.370990
-0.382711
-0.319413
-0.173181
-0.393876
-0.884802
-0.411934
-0.227028
0.860987
-0.254241
1.019323
-0.423421
1.900910
-0.215382
-0.369164
-0.319297
0.149338
3.227072
1.057062
-0.253418
-0.412080
3.818596
-0.257055
-0.303587
2.772120
-0.212907
4.413254
-0.334890
-0.279461
-0.390482
-0.322250
0.487523
-0.198865
-0.329646
3.275486
-0.323181
-0.256606
-0.334036
-0.284373
0.766955
-0.184834
-0.352354
-0.428844
-0.122035
0.981477
-0.454596
-0.385799
1.473723
-0.209379
-0.372923
0.155546
-0.362258
-0.431067
-0.242454
-0.434964
-0.235273
1.437843
2.008449
1.565221
7.599510
3.089293
8.350928
0.927114
-0.350687
-0.338560
-0.318352
0.334999
-0.380532
-0.351341
-0.330248
-0.391516
-0.268696
1.837927
-0.335211
-0.392937
-0.222532
-0.352457
4.563707
-0.356200
-0.284634
-0.347373
0.481185
-0.283677
-0.020873
0.189705
2.078608
-0.382211
-0.251919
-0.322114
-0.375624
-0.326912
-0.332823
4.410158
-0.354753
-0.291794
-0.328826
-0.341933
-0.306616
-0.278796
1.034081
-0.341890
-0.361390
-0.334188
-0.370378
5.346630
-0.372711
0.266696
-0.398265
-0.241186
-0.330829
-0.353819
-0.094927
-0.272598
2.016902
-0.347774
-0.331141
1.373393
-0.257616
4.674011
-0.215696
-0.210364
-0.305638
-0.409094
-0.281028
-0.365650
-0.394816
1.416873
-0.340550
-0.185531
-0.333607
3.144653
-0.437918
-0.313562
-0.387032
-0.258399
-0.353562
-0.260139
-0.336161
-0.293541
0.857158
-0.391519
-0.307196
1.087463
0.515639
-0.341149
-0.412168
-0.332854
-0.510034
-0.265917
5.297586
-0.263579
-0.212005
-0.453404
-0.297263
-0.396650
-0.341625
-0.442042
-0.138736
-0.488297
-0.412432
-0.380500
1.837677
-0.420229
1.129299
1.995380
-0.407550
0.880082
-0.322225
-0.276508
-0.273471
1.191954
-0.408381
0.335574
2.907960
-0.275497
-0.239465
-0.274133
-0.406686
3.019300
-0.348776
-0.264765
-0.450034
-0.357315
-0.391863
-0.456483
5.048877
-0.276999
-0.218196
-0.353980
-0.231664
-0.360421
-0.368075
2.043746
-0.387200
-0.230307
5.256566
0.680484
0.691562
-0.223007
-0.220189
-0.305981
1.124612
-0.372866
3.353781
-0.314412
-0.396939
-0.269719
-0.263236
2.849305
-0.443117
-0.065142
-0.347032
-0.253434
0.402192
1.590416
2.768240
-0.309012
-0.349378
4.307612
-0.324456
-0.272490
0.043741
-0.264078
-0.330260
-0.310672
-0.384196
-0.392320
-0.337572
-0.196421
-0.306206
0.892008
-0.266473
-0.293064
2.713998
-0.273639
-0.258366
-0.269087
-0.272150
-0.282362
-0.283290
-0.378858
-0.361745
0.640480
1.705711
-0.337983
-0.251319
-0.347097
-0.304737
-0.253480
-0.372096
0.462967
-0.275209
0.105070
0.115144
0.043687
-0.285050
-0.370990
1.818902
-0.319413
-0.173181
-0.393876
0.733110
-0.411934
-0.227028
-0.427967
-0.254241
-0.305686
-0.423421
-0.248316
-0.215382
-0.369164
-0.319297
-0.329834
-0.348911
0.042100
-0.253418
-0.412080
1.107190
-0.257055
-0.303587
0.809438
0.999955
-0.287934
-0.334890
-0.279461
-0.390482
-0.322250
0.534847
-0.164566
-0.329646
-0.350615
-0.323181
1.053920
-0.334036
-0.284373
-0.331801
-0.184834
-0.352354
-0.428844
-0.122035
-0.405997
-0.454596
-0.385799
-0.362168
-0.209379
-0.372923
-0.301916
0.333191
-0.431067
-0.242454
3.615952
-0.235273
0.298187
-0.320724
1.190753
-0.409786
-0.272466
0.814840
-0.404208
-0.350687
1.357579
4.097055
-0.350517
-0.005313
-0.351341
-0.330248
0.245431
-0.268696
-0.343564
-0.335211
-0.392937
-0.222532
-0.352457
-0.411704
-0.356200
-0.284634
-0.347373
0.305435
-0.283677
1.787343
1.301087
0.164607
0.266830
-0.251919
0.621021
-0.375624
-0.343919
-0.332823
-0.481155
-0.354753
-0.291794
-0.328826
0.376339
-0.306616
-0.278796
-0.328741
1.128576
-0.361390
-0.334188
-0.370378
0.130820
-0.372711
1.605010
-0.398265
-0.241186
-0.330829
-0.353819
1.896332
-0.272598
0.432368
-0.347774
-0.331141
-0.340270
-0.257616
0.864440
-0.203223
-0.210364
0.795313
-0.409094
-0.281028
-0.365650
0.532353
-0.336396
-0.340550
-0.402394
-0.333607
0.356953
-0.437918
0.451279
-0.387032
-0.258399
7.738723
-0.260139
-0.336161
-0.293541
-0.471410
-0.391519
-0.307196
1.454236
-0.300875
2.157490
-0.412168
-0.332854
-0.234527
-0.265917
6.444528
-0.263579
-0.212005
-0.453404
-0.297263
-0.396650
-0.341625
1.161274
-0.237955
-0.488297
-0.412432
-0.380500
-0.257874
-0.420229
1.500921
-0.382444
-0.407550
3.389608
6.660845
-0.276508
0.325870
-0.317051
-0.408381
0.372601
-0.349578
-0.275497
-0.239465
1.280421
-0.406686
-0.271049
-0.348776
-0.264765
-0.450034
-0.357315
-0.391863
1.027133
2.978138
-0.276999
-0.218196
-0.353980
-0.231664
-0.360421
-0.368075
-0.400913
-0.387200
-0.323291
-0.421698
-0.207758
-0.395572
-0.223007
-0.220189
1.002002
-0.359408
-0.372866
-0.380209
-0.314412
1.395038
-0.269719
-0.263236
-0.331966
-0.443117
3.274447
-0.347032
-0.253434
-0.501318
0.646872
0.392220
5.255902
-0.349378
-0.386694
-0.324456
-0.272490
-0.307502
-0.264078
-0.330260
-0.310672
-0.384196
-0.392320
-0.337572
-0.196421
-0.306206
-0.260508
-0.266473
-0.293064
-0.400128
-0.273639
-0.258366
-0.269087
-0.272150
-0.282362
-0.283290
-0.378858
-0.361745
-0.351843
-0.386297
-0.337983
-0.251319
-0.347097
-0.304737
-0.253480
-0.372096
-0.523019
11.891845
-0.232412
-0.378424
-0.386396
-0.285050
-0.370990
-0.382711
-0.319413
-0.173181
-0.373002
0.251538
-0.411934
-0.227028
0.966863
-0.254241
6.884148
0.499954
-0.248316
-0.215382
-0.369164
-0.319297
-0.329834
-0.348911
0.673522
-0.253418
0.341628
4.123100
-0.257055
-0.303587
-0.295314
-0.212907
-0.287934
-0.334890
-0.279461
-0.390482
-0.322250
0.569096
-0.198865
4.815813
-0.350615
-0.323181
-0.256606
-0.334036
-0.284373
-0.331801
-0.184834
-0.352354
-0.428844
-0.122035
-0.405997
-0.454596
7.579922
-0.362168
5.469093
-0.372923
-0.301916
2.349451
-0.431067
-0.242454
-0.434964
-0.235273
-0.268894
-0.320724
-0.235431
-0.409786
-0.213770
-0.320535
0.447237
-0.350687
-0.338560
-0.318352
-0.350517
-0.380532
0.134542
-0.330248
-0.178309
-0.050300
-0.343564
-0.335211
-0.392937
6.111798
-0.352457
-0.411704
-0.356200
8.416828
-0.347373
-0.206410
-0.283677
1.228292
-0.453348
-0.607578
-0.382211
3.331165
5.480978
0.084220
5.508054
-0.332823
-0.481155
-0.354753
-0.291794
-0.328826
0.243354
-0.306616
-0.278796
-0.328741
6.590270
-0.361390
-0.334188
-0.370378
-0.371657
-0.372711
-0.355501
-0.398265
-0.241186
-0.330829
-0.353819
7.548921
6.937411
-0.263957
-0.347774
-0.331141
-0.340270
-0.257616
4.117338
3.510210
-0.210364
-0.305638
-0.409094
-0.281028
-0.365650
-0.394816
-0.336396
-0.340550
2.439871
-0.333607
-0.335429
-0.437918
-0.313562
2.972466
6.779649
1.733332
-0.260139
-0.336161
-0.293541
0.345732
-0.391519
-0.307196
-0.367980
-0.300875
1.170867
-0.412168
-0.332854
1.816541
-0.265917
1.547540
-0.263579
-0.212005
-0.453404
-0.297263
-0.396650
-0.341625
-0.442042
-0.237955
-0.488297
-0.412432
-0.380500
-0.257874
-0.420229
-0.379070
-0.382444
-0.000897
4.682432
-0.322225
-0.276508
-0.273471
-0.317051
-0.408381
1.679761
-0.349578
7.034761
-0.239465
0.961123
-0.406686
-0.271049
-0.348776
3.023082
-0.450034
-0.357315
-0.391863
1.309596
1.450512
-0.276999
-0.218196
-0.353980
-0.231664
-0.360421
-0.368075
-0.400913
0.555451
0.410180
-0.421698
-0.207758
-0.395572
-0.223007
-0.220189
-0.305981
-0.359408
-0.372866
5.630401
-0.314412
-0.396939
-0.269719
-0.263236
1.476773
1.380890
5.702070
3.005315
-0.253434
0.509080
-0.238310
1.382231
4.990756
-0.349378
-0.386694
-0.324456
2.303993
-0.307502
-0.264078
1.652798
-0.310672
-0.384196
-0.392320
-0.337572
-0.196421
-0.306206
-0.260508
0.128534
2.640874
0.960456
-0.273639
-0.258366
-0.269087
-0.272150
-0.282362
-0.283290
-0.378858
-0.361745
0.736930
1.017503
-0.337983
-0.251319
-0.347097
-0.304737
-0.253480
-0.372096
-0.523019
-0.275209
-0.288130
0.333308
-0.386396
-0.285050
-0.370990
-0.382711
-0.319413
-0.173181
-0.393876
2.660075
-0.411934
-0.227028
0.081645
-0.254241
-0.305686
-0.423421
-0.248316
-0.215382
3.985151
-0.319297
-0.329834
-0.348911
-0.394797
-0.253418
-0.412080
-0.303457
-0.257055
-0.303587
-0.295314
-0.212907
-0.287934
-0.334890
-0.279461
-0.390482
-0.322250
0.580796
-0.198865
-0.329646
-0.350615
-0.323181
-0.256606
-0.334036
-0.284373
0.333635
-0.184834
2.188975
-0.428844
-0.122035
-0.405997
-0.454596
2.425469
0.489186
-0.209379
-0.372923
-0.301916
-0.412456
-0.431067
-0.242454
-0.434964
-0.235273
-0.117840
-0.320724
4.732635
7.154625
-0.272466
-0.320535
-0.404208
-0.350687
-0.338560
-0.318352
-0.350517
-0.380532
-0.351341
-0.330248
-0.391516
-0.268696
-0.343564
-0.335211
-0.392937
-0.222532
-0.352457
-0.411704
-0.356200
-0.284634
2.730165
-0.206410
-0.283677
-0.463223
-0.453348
-0.607578
2.412598
8.140641
4.569736
-0.375624
0.570734
-0.332823
-0.481155
-0.354753
-0.291794
-0.328826
-0.439049
0.772268
-0.278796
-0.328741
-0.341890
-0.361390
-0.334188
-0.370378
-0.371657
-0.372711
1.431228
1.301637
-0.241186
-0.330829
-0.353819
-0.208372
1.850740
-0.263957
-0.347774
1.477874
4.073618
-0.257616
-0.471051
-0.215696
-0.210364
-0.305638
-0.409094
-0.281028
-0.365650
-0.394816
-0.336396
-0.340550
-0.402394
-0.333607
-0.335429
2.728432
-0.313562
0.420694
-0.258399
-0.353562
-0.260139
-0.336161
-0.293541
-0.471410
-0.391519
-0.307196
4.496098
-0.300875
-0.341149
-0.412168
-0.332854
0.770958
-0.265917
-0.266598
-0.263579
-0.212005
-0.453404
-0.297263
-0.396650
-0.341625
0.063596
-0.237955
-0.488297
7.124361
-0.380500
-0.257874
-0.420229
-0.379070
-0.382444
-0.407550
0.774829
-0.322225
-0.276508
-0.273471
-0.317051
-0.408381
0.498704
-0.349578
-0.275497
-0.239465
0.654481
-0.406686
-0.271049
-0.348776
3.392500
-0.450034
1.786973
-0.391863
0.121810
-0.446675
-0.276999
-0.218196
-0.353980
-0.231664
-0.360421
2.176571
0.861329
-0.387200
-0.323291
-0.421698
-0.207758
0.932208
1.025959
-0.220189
0.412421
-0.359408
-0.372866
2.781094
-0.314412
-0.076866
-0.269719
2.824560
-0.331966
-0.249740
-0.455859
-0.347032
-0.253434
-0.501318
-0.238310
1.490553
0.574444
-0.349378
-0.386694
-0.324456
5.770478
-0.307502
-0.264078
-0.330260
-0.310672
-0.384196
0.252340
-0.337572
-0.196421
-0.306206
2.830232
-0.266473
-0.293064
-0.300484
0.201477
2.020561
0.928809
-0.272150
-0.282362
-0.283290
-0.378858
-0.361745
-0.351843
4.326407
-0.337983
-0.251319
-0.347097
-0.304737
-0.253480
-0.372096
-0.523019
-0.275209
-0.288130
-0.378424
-0.216450
-0.285050
-0.370990
-0.382711
-0.319413
-0.173181
-0.393876
-0.775323
-0.411934
-0.227028
1.263366
-0.254241
0.723965
-0.423421
1.537055
-0.215382
0.753812
-0.319297
-0.329834
-0.348911
-0.100862
-0.253418
-0.412080
-0.303457
-0.257055
0.296082
1.133080
-0.212907
6.161473
-0.334890
-0.279461
-0.390482
-0.322250
1.490802
-0.198865
-0.329646
-0.350615
-0.323181
-0.256606
1.410313
-0.284373
-0.331801
-0.184834
-0.352354
-0.428844
-0.122035
0.513660
-0.454596
-0.385799
3.750553
-0.209379
-0.372923
-0.301916
-0.412456
0.421571
-0.242454
-0.434964
-0.235273
1.090299
3.446239
1.482278
6.415734
3.393919
6.407056
0.192532
0.210701
0.672095
-0.318352
-0.350517
-0.380532
-0.351341
-0.330248
-0.391516
-0.268696
2.953677
-0.335211
-0.392937
-0.222532
-0.352457
-0.411704
-0.356200
-0.284634
-0.347373
-0.206410
-0.283677
-0.426429
-0.453348
2.053353
0.590394
-0.251919
-0.322114
-0.375624
-0.343919
0.549882
1.043519
-0.354753
-0.291794
-0.328826
0.416002
-0.306616
-0.278796
-0.328741
-0.341890
-0.361390
-0.334188
-0.370378
6.149596
1.134296
0.910973
-0.398265
-0.241186
0.648145
-0.353819
0.730351
-0.272598
3.144198
-0.347774
-0.331141
2.554528
-0.257616
3.980676
-0.215696
-0.210364
-0.305638
-0.409094
-0.281028
-0.365650
-0.394816
1.975762
-0.340550
-0.402394
-0.333607
2.981916
-0.437918
-0.313562
-0.387032
-0.258399
-0.353562
-0.260139
-0.336161
-0.293541
1.064965
-0.391519
-0.307196
4.373362
-0.300875
-0.341149
-0.412168
0.059712
-0.418410
-0.265917
8.826612
-0.263579
-0.212005
-0.453404
-0.297263
-0.396650
-0.341625
-0.442042
-0.237955
-0.488297
-0.412432
-0.380500
0.557824
-0.053817
-0.379070
-0.382444
-0.407550
1.875191
-0.322225
-0.276508
-0.273471
-0.317051
-0.408381
0.372720
3.625221
-0.275497
-0.239465
-0.274133
-0.406686
0.250072
-0.348776
-0.264765
-0.450034
-0.357315
-0.391863
-0.183967
2.225085
-0.276999
-0.218196
-0.353980
-0.231664
-0.360421
-0.368075
-0.400913
-0.387200
1.374827
3.911029
-0.169232
-0.395572
-0.223007
-0.220189
-0.305981
-0.359408
-0.372866
4.319619
-0.314412
-0.396939
-0.269719
-0.263236
3.303082
-0.443117
1.120980
-0.347032
-0.253434
-0.231090
-0.238310
4.381815
0.266066
-0.349378
-0.386694
-0.324456
-0.272490
-0.307502
-0.264078
-0.330260
-0.310672
-0.384196
-0.392320
-0.337572
-0.196421
-0.306206
-0.260508
-0.266473
-0.293064
2.071404
-0.273639
-0.258366
-0.269087
0.313578
-0.282362
-0.283290
-0.378858
-0.361745
-0.351843
4.271873
-0.337983
-0.251319
-0.347097
-0.304737
-0.253480
5.028640
0.137123
0.043794
-0.288130
-0.029021
-0.318260
0.443718
-0.370990
-0.382711
-0.319413
-0.173181
-0.393876
1.182382
-0.411934
-0.227028
-0.427967
-0.254241
-0.305686
0.899477
-0.248316
-0.215382
-0.369164
-0.319297
-0.329834
-0.348911
0.110828
-0.253418
2.819633
-0.303457
-0.257055
-0.303587
-0.295314
-0.212907
1.511700
-0.334890
-0.279461
-0.390482
0.249033
1.417022
1.495078
-0.329646
0.308338
-0.323181
4.076798
2.198749
-0.284373
-0.331801
-0.184834
-0.352354
-0.428844
-0.122035
-0.405997
0.608913
-0.385799
-0.362168
2.646410
-0.372923
-0.301916
-0.412456
-0.431067
-0.242454
1.008284
0.037232
-0.029158
-0.320724
0.370327
-0.409786
-0.187883
-0.320535
-0.404208
0.806782
-0.338560
-0.318352
-0.350517
1.176738
-0.351341
-0.330248
-0.124449
-0.268696
-0.343564
-0.292297
-0.392937
-0.222532
0.163873
-0.411704
-0.356200
-0.284634
-0.347373
-0.206410
-0.283677
-0.463223
2.814023
-0.607578
-0.382211
-0.251919
-0.322114
-0.375624
-0.343919
-0.332823
-0.481155
-0.354753
-0.291794
-0.328826
0.731307
7.413606
-0.278796
-0.328741
-0.341890
-0.361390
-0.334188
-0.370378
0.750915
-0.372711
0.580389
-0.398265
-0.241186
-0.185176
-0.353819
6.558143
-0.272598
0.750059
-0.347774
-0.331141
-0.340270
-0.257616
2.464561
6.450047
-0.210364
-0.305638
1.384977
-0.281028
-0.365650
2.137510
-0.336396
-0.340550
-0.402394
-0.333607
-0.173644
-0.437918
-0.313562
-0.387032
4.972980
-0.353562
-0.260139
-0.336161
-0.293541
-0.471410
1.286310
-0.307196
-0.179040
0.206048
-0.341149
-0.412168
-0.332854
0.846635
-0.265917
4.498918
-0.263579
-0.212005
-0.304176
-0.297263
0.586757
1.511546
-0.153825
-0.237955
-0.070699
-0.412432
-0.380500
-0.257874
-0.420229
-0.379070
1.623432
-0.407550
2.821417
1.598627
-0.276508
-0.273471
-0.317051
-0.408381
0.080481
-0.349578
-0.275497
-0.239465
-0.274133
-0.406686
-0.257249
-0.348776
-0.264765
-0.450034
-0.357315
0.306962
1.173281
-0.256762
1.228426
-0.218196
-0.353980
-0.231664
-0.360421
-0.368075
-0.400913
-0.387200
-0.323291
-0.421698
-0.207758
-0.395572
4.384702
-0.220189
-0.305981
-0.359408
-0.372866
-0.380209
2.770145
-0.010766
1.385013
-0.263236
0.370822
-0.443117
1.676886
-0.347032
-0.253434
-0.501318
-0.238310
-0.337805
4.425208
-0.349378
-0.386694
-0.324456
-0.272490
-0.307502
-0.264078
2.194375
-0.310672
-0.384196
0.199057
-0.337572
-0.196421
0.321134
-0.260508
-0.266473
-0.293064
-0.158140
-0.273639
-0.258366
-0.269087
-0.272150
-0.282362
4.373941
-0.378858
-0.361745
-0.351843
1.293638
-0.337983
-0.251319
-0.347097
-0.304737
-0.253480
7.225973
-0.000981
9.167664
3.201032
1.581653
3.526816
-0.285050
-0.370990
0.472346
-0.319413
-0.173181
-0.393876
1.309019
-0.411934
-0.227028
4.685368
-0.254241
0.666640
-0.423421
-0.248316
3.079784
-0.369164
-0.319297
-0.329834
-0.348911
-0.394797
-0.253418
0.562378
5.275347
-0.257055
-0.303587
3.087110
1.619550
-0.287934
2.661662
-0.279461
-0.390482
1.986315
0.831221
-0.198865
-0.329646
-0.350615
-0.323181
3.418230
-0.334036
-0.284373
-0.331801
-0.184834
-0.352354
-0.428844
-0.122035
-0.405997
-0.454596
2.089653
0.016844
-0.209379
-0.372923
-0.301916
3.573702
-0.431067
0.625777
-0.434964
-0.235273
0.469775
-0.320724
1.615934
-0.409786
-0.272466
-0.320535
0.047744
-0.350687
-0.338560
-0.318352
-0.350517
-0.380532
-0.351341
-0.330248
-0.391516
2.181291
-0.343564
-0.335211
-0.392937
12.303558
0.220726
-0.411704
-0.356200
6.902975
-0.347373
-0.206410
-0.283677
1.866500
-0.453348
-0.607578
2.641339
0.725449
3.693545
-0.375624
1.791967
-0.332823
-0.481155
-0.354753
0.394345
-0.328826
-0.613480
-0.306616
-0.278796
-0.328741
3.423763
-0.361390
-0.111160
-0.370378
-0.371657
-0.372711
0.830976
-0.398265
-0.241186
-0.330829
-0.353819
2.199515
10.391362
2.904129
-0.347774
-0.331141
0.282989
-0.257616
4.878598
7.036368
-0.210364
-0.305638
-0.409094
-0.281028
-0.365650
-0.394816
-0.336396
-0.340550
1.485923
-0.333607
-0.335429
-0.437918
-0.313562
3.080214
9.691628
-0.353562
-0.260139
-0.336161
-0.293541
1.072075
-0.391519
-0.307196
-0.367980
0.430589
-0.188329
-0.412168
-0.332854
1.871570
-0.265917
-0.266598
-0.263579
-0.212005
0.134524
-0.297263
-0.396650
0.824959
-0.442042
-0.237955
-0.351286
-0.412432
-0.380500
-0.257874
-0.420229
-0.379070
-0.382444
5.606977
2.173360
2.020806
-0.276508
-0.273471
-0.317051
-0.408381
2.531282
-0.349578
5.196517
-0.239465
0.388683
3.954304
-0.271049
-0.348776
-0.264765
2.468290
-0.357315
-0.391863
2.060858
-0.446675
-0.276999
-0.218196
-0.353980
-0.231664
-0.360421
-0.368075
-0.400913
1.179932
-0.323291
-0.421698
3.220034
-0.395572
0.845390
-0.220189
-0.305981
2.080033
-0.372866
1.011944
-0.314412
-0.396939
-0.269719
1.386298
-0.331966
-0.134958
2.723939
5.830770
-0.253434
3.657196
-0.238310
-0.337805
2.869161
-0.349378
-0.386694
-0.324456
2.975008
-0.307502
-0.264078
-0.330260
-0.310672
-0.384196
-0.392320
-0.337572
-0.196421
-0.306206
0.274594
0.058037
-0.293064
-0.400128
-0.273639
-0.258366
-0.269087
-0.272150
-0.282362
-0.283290
-0.378858
-0.361745
-0.351843
-0.386297
-0.337983
-0.251319
-0.347097
-0.304737
-0.253480
-0.372096
-0.523019
-0.275209
-0.288130
0.795632
0.668188
-0.285050
1.400376
-0.382711
-0.319413
-0.173181
-0.393876
2.218446
-0.411934
-0.227028
0.832915
-0.254241
-0.305686
-0.423421
-0.248316
-0.215382
3.488105
-0.319297
-0.329834
-0.348911
-0.394797
-0.253418
-0.412080
-0.303457
-0.257055
-0.303587
-0.295314
-0.212907
-0.287934
-0.334890
-0.279461
-0.390482
-0.322250
0.040365
-0.198865
-0.329646
-0.350615
-0.323181
-0.256606
-0.334036
-0.284373
-0.331801
-0.184834
10.124040
-0.428844
-0.122035
-0.405997
-0.454596
2.207643
-0.362168
-0.209379
-0.372923
-0.301916
-0.412456
-0.431067
-0.242454
-0.434964
-0.235273
2.051368
-0.320724
4.136571
6.663549
-0.272466
2.080289
-0.404208
-0.350687
-0.338560
-0.318352
-0.350517
-0.188721
-0.351341
-0.330248
-0.391516
-0.268696
-0.343564
-0.335211
-0.392937
-0.222532
-0.352457
-0.411704
-0.356200
-0.284634
-0.347373
-0.206410
-0.283677
0.302601
-0.453348
-0.607578
2.003422
5.062881
6.132895
0.293510
-0.343919
-0.332823
-0.481155
-0.354753
-0.291794
-0.328826
-0.295416
-0.306616
-0.278796
-0.328741
-0.341890
-0.361390
-0.334188
-0.370378
-0.158780
-0.372711
1.625050
10.344273
-0.241186
-0.330829
-0.353819
-0.208372
5.049035
-0.263957
-0.347774
-0.331141
2.159758
-0.257616
-0.471051
0.013567
-0.210364
-0.305638
-0.409094
-0.281028
-0.365650
-0.394816
-0.336396
-0.340550
-0.402394
-0.333607
1.288461
0.134761
-0.313562
0.711162
-0.258399
-0.353562
0.227964
-0.336161
-0.293541
-0.471410
-0.391519
-0.307196
3.860081
-0.300875
0.501417
-0.412168
-0.332854
1.368823
-0.265917
-0.266598
-0.263579
-0.212005
-0.453404
-0.297263
-0.396650
-0.341625
0.143273
-0.237955
-0.488297
8.832539
-0.380500
-0.257874
-0.420229
-0.379070
-0.382444
-0.407550
-0.299183
0.521443
-0.276508
-0.273471
-0.317051
-0.408381
2.020387
-0.349578
-0.275497
-0.239465
-0.274133
1.022362
-0.271049
-0.348776
4.324082
-0.450034
-0.357315
0.407199
0.774181
-0.446675
-0.276999
-0.218196
-0.353980
-0.231664
-0.360421
2.466019
4.911004
-0.387200
-0.323291
-0.421698
-0.207758
-0.022588
1.296684
-0.220189
0.449319
-0.359408
-0.372866
0.099008
-0.314412
-0.396939
-0.269719
1.708474
2.425200
-0.443117
0.262721
1.365703
-0.253434
0.212984
-0.238310
1.050127
1.482464
-0.349378
-0.386694
-0.324456
6.050999
1.260762
-0.264078
-0.330260
-0.310672
-0.384196
-0.015557
-0.337572
-0.196421
-0.306206
-0.260508
-0.266473
-0.293064
0.459060
-0.273639
2.167216
-0.269087
-0.272150
-0.282362
-0.283290
-0.378858
-0.361745
-0.351843
1.259723
-0.337983
-0.251319
-0.347097
0.647093
-0.253480
-0.372096
1.309598
-0.275209
-0.288130
-0.378424
-0.386396
-0.285050
0.737666
-0.382711
-0.319413
-0.173181
-0.393876
0.575954
-0.411934
-0.227028
0.393491
-0.254241
-0.185235
-0.423421
1.464030
-0.215382
1.237769
-0.319297
-0.329834
-0.348911
0.725678
-0.253418
-0.412080
-0.303457
-0.257055
-0.303587
0.102200
-0.212907
2.912005
-0.334890
-0.279461
-0.390482
-0.322250
1.285990
-0.198865
-0.329646
-0.350615
-0.323181
-0.256606
1.103537
-0.284373
-0.331801
-0.184834
-0.352354
-0.428844
-0.122035
0.103675
-0.454596
-0.385799
2.546603
-0.209379
-0.372923
-0.301916
-0.412456
1.417665
-0.236681
-0.434964
-0.235273
-0.395268
3.381214
1.152624
4.414558
3.770644
8.865041
-0.404208
-0.350687
1.411547
-0.318352
-0.350517
-0.380532
-0.351341
-0.330248
0.615011
-0.268696
0.401927
-0.335211
-0.392937
-0.222532
-0.352457
-0.411704
-0.356200
-0.284634
-0.347373
-0.206410
-0.283677
-0.463223
-0.453348
1.915661
1.477202
-0.251919
-0.322114
-0.375624
1.371967
-0.332823
-0.481155
-0.354753
-0.291794
-0.328826
0.518659
-0.306616
-0.278796
-0.328741
1.123268
-0.361390
-0.334188
-0.370378
4.523670
1.068905
0.923086
-0.398265
-0.241186
1.166400
-0.353819
0.366687
-0.272598
2.593761
-0.347774
-0.331141
3.121028
-0.257616
4.227502
0.829151
-0.210364
-0.305638
-0.409094
-0.281028
-0.365650
-0.394816
-0.336396
-0.340550
-0.402394
-0.333607
2.589541
-0.437918
-0.313562
-0.387032
-0.258399
-0.353562
-0.260139
-0.336161
-0.293541
0.404355
-0.391519
-0.307196
4.647130
-0.300875
-0.341149
-0.412168
-0.332854
-0.399350
-0.265917
7.489972
-0.058982
-0.212005
-0.453404
-0.297263
-0.396650
-0.341625
-0.442042
-0.237955
-0.488297
-0.412432
-0.380500
-0.123791
1.111803
-0.379070
-0.382444
-0.407550
1.185223
-0.111069
-0.276508
-0.273471
-0.317051
-0.408381
0.544354
0.973896
-0.275497
-0.239465
-0.274133
-0.406686
0.502363
-0.348776
-0.264765
-0.450034
-0.357315
-0.391863
0.139849
-0.446675
-0.276999
-0.218196
-0.353980
-0.231664
-0.360421
-0.368075
-0.400913
-0.387200
2.255956
0.432841
-0.207758
1.899428
-0.223007
-0.220189
-0.305981
-0.359408
-0.372866
3.202209
-0.314412
-0.396939
-0.269719
-0.263236
3.261101
-0.443117
0.211425
-0.347032
-0.253434
-0.501318
-0.238310
5.794965
1.628740
2.694895
-0.386694
-0.324456
-0.272490
-0.307502
-0.264078
-0.330260
-0.310672
-0.384196
-0.341009
-0.337572
-0.196421
-0.306206
-0.260508
0.129115
-0.293064
2.433109
-0.155927
-0.258366
-0.269087
1.810382
-0.282362
-0.283290
-0.378858
-0.361745
-0.351843
4.661041
-0.337983
-0.251319
-0.347097
-0.304737
1.271850
1.092309
-0.523019
3.718198
2.023890
-0.080103
0.519345
-0.285050
-0.370990
2.281196
-0.319413
2.096107
-0.393876
1.371734
-0.411934
-0.227028
-0.427967
-0.254241
-0.015002
0.896559
1.415572
-0.215382
-0.369164
0.023500
-0.329834
-0.348911
0.760686
-0.253418
-0.412080
2.800183
-0.257055
-0.303587
-0.295314
-0.079076
2.471514
1.364781
0.091823
1.007540
1.051409
0.202442
-0.198865
2.836100
0.560916
-0.323181
2.812930
-0.334036
-0.284373
-0.331801
-0.184834
-0.352354
-0.217069
-0.008599
-0.405997
-0.454596
0.400475
-0.362168
4.579145
-0.372923
-0.301916
-0.412456
-0.431067
1.864835
-0.434964
0.196864
-0.438512
-0.320724
-0.502714
-0.409786
-0.272466
-0.320535
-0.404208
-0.350687
-0.338560
0.282930
-0.350517
0.185242
-0.234886
-0.330248
0.315900
-0.268696
-0.343564
-0.335211
-0.392937
-0.222532
0.452596
-0.411704
-0.356200
-0.284634
-0.347373
0.979189
0.779813
0.107729
-0.315477
0.150557
0.839509
-0.251919
0.441297
-0.375624
0.144394
-0.332823
-0.251948
-0.354753
2.821125
0.541763
0.986915
2.860169
-0.278796
-0.328741
0.528641
-0.361390
-0.334188
3.149701
0.114907
-0.372711
2.106362
-0.398265
4.095733
-0.330829
-0.353819
2.385541
0.695413
-0.263957
-0.347774
-0.331141
-0.340270
1.109713
0.438185
2.491551
-0.210364
-0.305638
3.823584
-0.281028
-0.365650
-0.175247
-0.336396
-0.340550
-0.402394
1.184699
2.161582
-0.310902
0.441832
-0.387032
-0.258399
-0.353562
0.848041
-0.336161
-0.293541
1.026234
2.633398
-0.307196
0.250635
-0.300875
0.759137
-0.412168
0.339300
-0.510034
1.326343
3.467191
0.207278
-0.212005
1.459409
-0.297263
-0.396650
2.575294
-0.436757
2.343239
0.004565
-0.412432
-0.380500
-0.257874
-0.027528
0.353639
0.633906
-0.407550
0.317152
0.489232
0.762220
-0.273471
-0.317051
0.935360
-0.141799
1.235175
0.939977
-0.239465
-0.274133
-0.406686
2.233422
0.291366
-0.264765
0.282700
-0.357315
-0.391863
0.911151
1.151146
0.941518
-0.218196
-0.353980
-0.231664
-0.229429
-0.368075
-0.400913
-0.387200
-0.323291
-0.421698
7.655734
-0.395572
-0.223007
-0.220189
-0.305981
-0.359408
-0.372866
-0.380209
2.788325
-0.396939
-0.269719
-0.263236
0.161675
-0.443117
2.608944
-0.347032
-0.253434
0.275907
-0.238310
-0.337805
1.478910
-0.349378
-0.386694
0.015692
-0.272490
-0.307502
-0.012128
0.763291
-0.310672
-0.384196
-0.392320
-0.319043
0.578187
-0.306206
4.373791
-0.266473
5.038127
-0.400128
-0.273639
-0.258366
-0.269087
-0.272150
2.901758
-0.283290
-0.378858
0.449912
2.344809
-0.386297
-0.337983
1.200610
-0.347097
-0.304737
-0.253480
4.187051
-0.523019
-0.275209
-0.288130
3.502540
3.858083
-0.285050
-0.370990
0.502199
-0.319413
-0.173181
-0.393876
1.381668
-0.411934
-0.227028
2.069625
-0.254241
-0.305686
0.740894
-0.248316
-0.215382
-0.369164
-0.319297
-0.329834
-0.348911
-0.394797
-0.253418
0.754240
-0.303457
-0.257055
-0.303587
0.915386
-0.212907
-0.287934
-0.334890
-0.279461
-0.390482
-0.322250
-0.482679
-0.198865
-0.329646
-0.350615
-0.323181
2.525489
-0.334036
-0.284373
-0.331801
0.135314
0.654850
-0.428844
-0.122035
-0.405997
-0.454596
1.391238
-0.362168
5.648864
-0.372923
-0.301916
-0.412456
-0.431067
-0.242454
-0.434964
-0.235273
-0.438512
-0.320724
0.460874
-0.409786
-0.272466
-0.320535
-0.404208
-0.350687
-0.338560
-0.318352
-0.350517
0.510543
1.019682
-0.330248
1.109771
-0.268696
-0.343564
-0.335211
-0.392937
13.956223
0.398289
-0.411704
-0.356200
-0.284634
-0.347373
-0.063875
-0.283677
0.169515
-0.453348
-0.607578
-0.382211
-0.251919
-0.322114
-0.375624
3.991100
-0.332823
-0.481155
-0.354753
0.079614
-0.328826
1.229424
-0.306616
2.626385
-0.328741
2.454906
1.037850
-0.334188
-0.370378
-0.371657
-0.372711
-0.355501
-0.398265
0.258552
-0.330829
-0.353819
-0.208372
2.943690
0.387903
-0.347774
-0.331141
-0.340270
-0.257616
-0.471051
4.125564
-0.210364
-0.305638
4.499961
-0.281028
1.471284
-0.394816
-0.336396
-0.340550
-0.402394
-0.110223
0.281493
-0.437918
2.110034
-0.387032
-0.258399
-0.353562
0.097605
2.426584
-0.293541
0.423700
0.376813
-0.307196
-0.367980
-0.300875
-0.341149
-0.412168
-0.332854
0.122858
-0.265917
-0.266598
0.040996
-0.212005
1.084342
-0.297263
-0.396650
-0.341625
-0.442042
1.793666
0.048538
2.305275
-0.380500
-0.257874
-0.420229
-0.379070
-0.382444
-0.407550
2.767987
0.580213
-0.276508
-0.273471
-0.317051
1.258172
1.230151
-0.349578
4.969168
-0.239465
0.120709
-0.406686
-0.271049
-0.348776
-0.264765
-0.450034
-0.357315
-0.391863
-0.551120
-0.446675
-0.276999
-0.218196
-0.353980
-0.231664
-0.360421
-0.368075
-0.400913
-0.387200
-0.323291
-0.421698
5.332088
-0.395572
2.622278
-0.220189
0.831845
-0.359408
-0.372866
-0.380209
-0.173948
-0.396939
-0.269719
-0.263236
-0.331966
1.594583
0.730871
8.983295
0.213408
1.660565
-0.238310
-0.337805
-0.309012
-0.349378
-0.386694
-0.324456
-0.272490
-0.307502
-0.264078
-0.330260
-0.310672
-0.384196
-0.038954
-0.051635
7.993516
-0.244291
3.217898
1.064221
-0.293064
-0.400128
-0.273639
-0.258366
1.421429
-0.272150
5.036215
-0.283290
-0.378858
-0.361745
-0.351843
-0.386297
-0.337983
0.406233
-0.347097
2.739818
-0.253480
-0.372096
-0.523019
-0.119224
-0.288130
0.397460
1.990214
-0.285050
-0.370990
-0.382711
-0.319413
-0.173181
-0.393876
-0.096812
-0.411934
-0.227028
3.333332
0.410883
-0.305686
-0.423421
-0.248316
-0.215382
-0.369164
-0.319297
-0.329834
-0.348911
-0.394797
-0.253418
-0.412080
-0.303457
-0.257055
-0.303587
-0.295314
0.134133
-0.287934
-0.334890
-0.279461
-0.390482
-0.322250
-0.515903
-0.198865
-0.329646
-0.350615
-0.323181
-0.256606
-0.334036
-0.284373
-0.331801
-0.184834
13.940498
-0.428844
-0.122035
-0.405997
-0.454596
1.401067
-0.362168
0.848536
-0.372923
-0.301916
-0.412456
-0.431067
-0.242454
-0.434964
-0.235273
-0.251798
-0.320724
1.122354
2.225001
-0.272466
-0.320535
0.661664
-0.350687
-0.338560
-0.318352
-0.350517
-0.380532
-0.351341
-0.330248
-0.391516
-0.268696
-0.343564
1.996815
-0.392937
-0.222532
-0.352457
5.365205
-0.356200
-0.284634
-0.347373
-0.206410
0.271002
0.371213
-0.453348
-0.607578
-0.382211
-0.251919
-0.322114
-0.375624
1.430871
-0.332823
-0.481155
-0.354753
-0.291794
-0.328826
-0.312965
-0.306616
-0.278796
-0.084767
3.772172
-0.361390
-0.334188
-0.370378
1.102853
-0.372711
1.358851
1.386216
-0.241186
-0.330829
-0.353819
-0.208372
-0.241073
0.968459
-0.347774
-0.331141
1.811874
-0.257616
0.347628
3.768270
1.242146
-0.305638
0.222818
-0.281028
-0.365650
-0.394816
-0.336396
-0.340550
-0.184048
-0.333607
2.705898
3.090786
-0.313562
-0.387032
-0.258399
-0.353562
0.126616
-0.336161
0.666591
-0.471410
-0.391519
-0.307196
0.050995
-0.300875
-0.341149
-0.412168
-0.332854
-0.510034
-0.265917
-0.266598
-0.263579
-0.212005
-0.453404
-0.297263
-0.396650
-0.341625
-0.442042
-0.237955
1.328102
10.208764
-0.380500
-0.257874
-0.420229
2.570728
-0.382444
-0.407550
-0.299183
-0.322225
-0.276508
-0.273471
1.596169
-0.408381
-0.242097
-0.349578
2.282413
-0.239465
-0.274133
-0.406686
-0.271049
-0.080204
0.452230
-0.450034
-0.357315
-0.391863
0.685215
-0.446675
2.929775
-0.218196
-0.353980
0.956400
0.159344
-0.106015
-0.354689
-0.387200
-0.323291
-0.421698
-0.207758
3.500001
6.286555
-0.220189
-0.305981
-0.359408
3.124995
-0.380209
-0.314412
-0.396939
-0.269719
-0.263236
1.744424
0.680467
1.205434
0.954457
1.341692
-0.501318
-0.238310
1.115181
-0.309012
-0.349378
-0.386694
-0.324456
0.266074
1.435732
-0.264078
-0.330260
-0.310672
-0.384196
1.151786
-0.337572
-0.196421
-0.034639
-0.260508
-0.266473
1.769346
-0.382344
-0.273639
-0.258366
1.962940
-0.272150
-0.282362
-0.283290
6.485757
-0.361745
-0.351843
1.410106
-0.337983
-0.251319
-0.347097
3.116613
2.908565
-0.372096
0.278638
-0.275209
-0.288130
-0.378424
-0.386396
-0.285050
-0.370990
0.620233
-0.319413
0.196044
1.355779
0.851873
-0.411934
-0.227028
-0.427967
-0.254241
-0.305686
-0.347171
1.358068
-0.215382
-0.369164
-0.319297
-0.329834
-0.348911
-0.394797
3.817146
-0.412080
-0.303457
-0.257055
-0.303587
0.183750
0.291166
2.588693
-0.334890
-0.279461
-0.390482
-0.322250
0.510502
1.228930
-0.329646
-0.350615
-0.323181
-0.256606
0.846966
-0.284373
0.276722
-0.184834
-0.352354
-0.428844
-0.122035
-0.405997
-0.454596
-0.385799
2.607995
-0.209379
-0.372923
-0.301916
-0.408571
-0.431067
-0.242454
-0.434964
-0.235273
0.454798
3.534393
0.500859
2.567199
1.625464
-0.134606
-0.404208
0.092096
-0.052526
-0.318352
-0.350517
-0.380532
-0.351341
-0.330248
2.775316
3.967944
0.790679
-0.335211
-0.392937
-0.222532
-0.352457
3.089069
-0.356200
-0.284634
-0.347373
-0.206410
-0.283677
-0.216567
-0.453348
0.424912
1.558549
-0.251919
-0.322114
-0.375624
-0.343919
0.460218
-0.481155
-0.354753
-0.291794
-0.328826
0.862857
2.651786
-0.278796
-0.328741
6.884638
-0.361390
0.013507
-0.370378
3.218171
0.570418
-0.355501
-0.398265
-0.241186
-0.330829
0.850829
-0.208372
-0.272598
2.504500
-0.347774
-0.331141
2.494322
-0.257616
2.731231
-0.077072
-0.210364
0.879404
0.137911
-0.281028
-0.365650
-0.394816
0.267819
-0.340550
-0.402394
-0.333607
1.085824
-0.437918
-0.313562
-0.387032
-0.258399
-0.353562
-0.090692
-0.328904
1.525725
-0.362607
-0.391519
-0.307196
1.946372
-0.300875
-0.341149
1.747821
-0.332854
-0.510034
-0.265917
3.704348
1.185290
-0.212005
-0.453404
-0.297263
-0.396650
-0.341625
-0.442042
-0.237955
-0.488297
-0.412432
-0.380500
0.041851
0.165604
1.635939
-0.382444
-0.407550
2.061239
0.666812
-0.276508
-0.273471
-0.317051
-0.408381
0.674528
1.476741
-0.275497
-0.239465
1.995007
-0.406686
-0.271049
-0.348776
-0.264765
-0.450034
-0.357315
-0.391863
0.046452
-0.446675
-0.276999
-0.218196
-0.353980
-0.231664
1.355324
-0.368075
-0.400913
-0.387200
0.885804
-0.421698
-0.207758
-0.395572
-0.223007
-0.220189
-0.305981
-0.359408
-0.372866
1.397676
-0.314412
-0.396939
-0.269719
-0.263236
1.600309
-0.319416
1.245461
-0.347032
-0.253434
-0.501318
-0.238310
1.926764
0.695118
1.250918
-0.386694
-0.252493
-0.272490
-0.307502
-0.264078
-0.330260
-0.310672
-0.384196
-0.392320
-0.337572
-0.196421
-0.306206
-0.260508
-0.266473
-0.293064
0.098353
-0.273639
-0.258366
-0.269087
-0.272150
-0.282362
-0.283290
2.542100
-0.361745
-0.351843
2.939324
-0.337983
0.322147
-0.347097
-0.304737
