-0.259903
-0.408008
-0.454978
0.881661
0.495219
-0.445753
-0.194112
-0.378711
0.345872
0.520203
-0.468499
2.489784
-0.327713
0.845043
-0.313912
0.007954
3.763677
1.838872
-0.354033
-0.424681
-0.377594
1.392799
-0.287722
3.287602
-0.367117
-0.347466
-0.332710
2.826523
-0.433225
4.981606
-0.336193
3.183667
-0.300150
2.772261
-0.477800
0.065381
-0.289836
-0.010106
-0.304398
-0.441374
-0.471972
-0.536523
-0.178866
0.663231
-0.485541
-0.512882
3.883697
0.716747
4.670043
-0.369549
2.169428
-0.161841
1.042466
-0.307844
-0.404172
0.603844
0.853810
2.147528
0.760468
3.380909
9.037210
-0.304784
6.031350
-0.306902
1.182171
-0.428103
-0.641312
-0.720116
-0.312927
-0.329960
2.723402
4.877000
-0.471757
0.476023
-0.354472
-0.253856
2.869590
-0.334474
2.505588
1.373338
6.888098
2.893331
-0.529309
-0.327629
-0.496825
14.276327
-0.419758
3.212200
0.343295
-0.135652
-0.327515
0.570624
-0.480061
-0.593826
1.344618
2.951463
3.369928
-0.526465
4.019421
0.824553
3.179462
-0.206520
-0.516953
-0.302467
-0.423085
0.394384
1.504075
0.722144
-0.370607
-0.367855
-0.219455
-0.318133
-0.365177
-0.261254
-0.592998
1.035711
-0.504982
-0.292154
-0.361669
-0.469599
-0.485868
-0.294643
-0.246691
4.217874
-0.359196
2.606043
1.895302
1.216965
-0.259903
-0.408008
-0.454978
0.354892
-0.470778
-0.445753
-0.194112
-0.378711
-0.406734
-0.246697
0.920826
-0.468326
-0.327713
-0.500929
-0.313912
1.351914
5.485704
7.882757
-0.354033
-0.424681
-0.377594
-0.131357
0.973899
9.430194
-0.367117
-0.347466
-0.332710
-0.205791
-0.449285
16.310785
-0.336193
6.047645
-0.300150
3.813475
0.165619
0.065381
-0.289836
-0.357188
-0.304398
-0.441374
2.114936
7.079462
-0.178866
-0.133128
0.772809
-0.512882
1.969619
1.095750
0.923213
-0.369549
4.360360
-0.161841
-0.225614
-0.307844
2.352577
-0.240148
2.232380
-0.473362
-0.312708
2.931217
3.356953
-0.304784
-0.251277
1.238380
0.876647
-0.428103
-0.641312
-0.720116
0.973124
-0.329960
8.146604
4.425343
-0.269629
1.559820
-0.354472
-0.253856
2.583630
-0.334474
0.225494
6.235202
4.736059
1.135733
-0.184669
5.845356
-0.496825
8.472216
-0.201946
-0.433122
-0.318246
-0.135652
-0.327515
1.300156
3.658060
-0.593826
-0.429478
-0.538968
0.067257
-0.526465
-0.428905
7.082803
2.493459
-0.206520
5.764086
-0.302467
3.292647
4.607174
2.375115
0.293641
-0.370607
-0.367855
-0.219455
-0.318133
-0.365177
-0.261254
-0.126364
-0.770090
-0.504982
-0.292154
-0.361669
-0.469599
1.354914
-0.294643
-0.246691
4.258192
-0.359196
-0.293518
-0.322049
-0.475240
-0.259903
-0.408008
-0.454978
-0.568625
0.094425
-0.445753
-0.194112
-0.378711
-0.406734
-0.246697
1.463176
-0.468326
-0.245785
-0.500929
-0.313912
-0.497467
3.201515
2.752463
-0.354033
-0.424681
-0.377594
5.607628
5.495454
6.859087
-0.367117
-0.347466
-0.332710
-0.205791
3.556678
-0.347280
-0.336193
-0.425477
-0.300150
5.129872
1.516253
0.065381
7.612276
1.178553
-0.304398
-0.441374
-0.170511
11.028817
3.109486
-0.133128
-0.485541
-0.512882
-0.311051
-0.394649
2.021347
-0.369549
5.239868
-0.161841
1.714320
-0.307844
-0.404172
-0.240148
1.022879
-0.135274
-0.312708
2.873028
-0.423626
-0.304784
-0.251277
-0.306902
-0.302193
-0.428103
-0.641312
-0.720116
-0.205602
3.045203
8.448651
5.819750
2.204295
-0.067919
0.169635
-0.253856
-0.360818
-0.334474
-0.340559
2.220892
5.638102
-0.429590
-0.529309
7.234412
-0.496825
3.490728
-0.419758
-0.433122
-0.318246
-0.135652
-0.327515
1.872421
5.876251
-0.593826
5.622365
0.621322
-0.603397
-0.526465
-0.428905
2.889659
-0.635035
-0.206520
6.693519
-0.302467
-0.423085
3.354533
-0.129242
0.623296
-0.370607
-0.367855
-0.219455
-0.318133
0.951544
-0.261254
-0.592998
-0.770090
-0.504982
-0.292154
-0.361669
-0.469599
-0.485868
-0.294643
3.297811
2.407887
-0.359196
7.015149
-0.379276
0.516960
-0.259903
-0.408008
1.737041
-0.568625
-0.470778
-0.445753
-0.194112
-0.378711
3.190980
-0.246697
-0.468499
-0.468326
-0.327713
-0.500929
-0.313912
0.511893
3.653088
9.346377
-0.354033
-0.424681
-0.377594
3.700594
-0.429652
1.716183
-0.367117
-0.347466
-0.332710
-0.205791
8.062850
11.857775
-0.336193
8.701910
-0.300150
10.783764
-0.293624
0.065381
11.241078
-0.357188
-0.304398
4.262937
1.549556
25.459713
-0.178866
-0.133128
-0.485541
-0.512882
-0.311051
-0.394649
-0.051199
-0.369549
1.464927
-0.161841
-0.225614
-0.307844
10.981219
-0.240148
-0.630287
-0.473362
-0.312708
1.909626
-0.423626
-0.304784
-0.251277
-0.306902
-0.302193
-0.428103
-0.641312
7.482527
-0.312927
-0.329960
9.631694
5.683166
-0.471757
2.604732
5.759100
-0.253856
-0.360818
-0.334474
-0.340559
0.873308
-0.250531
3.130495
4.747560
3.542956
-0.496825
-0.031597
-0.419758
-0.433122
-0.318246
-0.135652
-0.327515
1.350244
12.602409
-0.593826
-0.429478
-0.538968
-0.603397
-0.526465
-0.428905
5.819942
-0.050776
-0.206520
3.072015
-0.302467
2.152371
0.252313
5.719125
-0.507247
-0.370607
-0.367855
-0.219455
-0.318133
-0.284893
-0.261254
0.028458
-0.770090
-0.504982
-0.292154
-0.361669
-0.469599
-0.485868
-0.294643
-0.246691
-0.147433
-0.359196
-0.293518
8.596237
-0.475240
-0.259903
-0.408008
-0.404836
-0.568625
10.546775
-0.445753
-0.194112
-0.378711
2.537532
-0.246697
2.181850
-0.468326
-0.327713
15.400650
-0.313912
-0.497467
-0.646142
1.248504
-0.354033
-0.424681
-0.377594
3.390702
5.012970
-0.354502
-0.367117
-0.347466
-0.332710
-0.205791
17.100721
-0.347280
9.545174
-0.425477
-0.300150
6.624754
-0.477800
0.065381
8.353806
-0.357188
-0.304398
1.767310
4.186669
22.857615
1.894361
-0.133128
-0.485541
-0.512882
-0.311051
-0.394649
8.631900
-0.369549
-0.423225
-0.161841
-0.225614
-0.307844
-0.404172
-0.240148
5.815227
2.698593
-0.312708
0.514190
-0.423626
-0.304784
-0.251277
0.446693
-0.302193
2.443117
-0.014059
0.362253
1.402408
1.230775
12.826236
5.685575
-0.471757
-0.067919
-0.354472
-0.253856
-0.360818
-0.334474
-0.340559
4.794535
-0.250531
0.253623
1.779073
-0.342496
0.316632
-0.031597
6.259818
-0.433122
-0.318246
-0.135652
-0.327515
9.598730
9.706734
-0.593826
9.704530
9.338084
-0.603397
-0.526465
-0.428905
-0.580648
-0.635035
-0.206520
5.697488
-0.302467
-0.423085
1.341821
-0.129242
-0.507247
-0.370607
-0.367855
2.396863
-0.318133
-0.365177
-0.261254
3.545718
3.415124
-0.504982
-0.292154
-0.361669
-0.469599
-0.485868
-0.294643
-0.246691
-0.147433
-0.359196
7.257140
3.128924
-0.475240
-0.259903
-0.408008
4.014449
1.941852
-0.470778
-0.445753
-0.194112
-0.378711
1.968210
-0.246697
1.391306
10.118119
-0.327713
7.470263
0.013994
-0.497467
5.995784
-0.538711
-0.354033
-0.424681
-0.377594
1.686850
4.157591
-0.354502
-0.367117
-0.347466
-0.332710
0.741779
-0.449285
-0.347280
2.278134
-0.425477
-0.300150
3.000804
1.032675
0.065381
1.259446
-0.357188
-0.304398
1.460793
2.939170
-0.536523
0.883308
-0.133128
-0.485541
-0.512882
0.949113
-0.394649
-0.664873
-0.369549
-0.385289
-0.161841
5.414674
-0.307844
-0.404172
-0.240148
0.206824
-0.473362
-0.312708
2.143885
5.254626
-0.304784
1.790127
-0.306902
-0.302193
0.042053
-0.641312
3.156155
-0.312927
-0.329960
11.194945
15.575759
-0.471757
0.611835
-0.354472
-0.253856
-0.360818
-0.334474
1.592639
0.736059
2.914875
-0.429590
-0.529309
0.333889
-0.496825
2.843017
-0.419758
7.675888
5.999425
-0.135652
-0.327515
4.808743
-0.480061
-0.593826
4.499723
8.791337
3.170450
-0.526465
0.917701
-0.580648
0.336505
-0.206520
-0.516953
-0.302467
-0.423085
0.003230
10.120770
-0.248823
-0.370607
-0.367855
2.463586
-0.318133
1.430465
-0.261254
-0.592998
0.597527
1.341878
-0.292154
-0.361669
-0.469599
-0.355359
-0.294643
-0.246691
5.681720
-0.359196
1.185896
3.629056
5.710978
-0.259903
-0.408008
-0.454978
0.871689
-0.470778
-0.445753
-0.194112
-0.378711
-0.198241
-0.246697
0.801401
0.712416
-0.327713
1.116150
0.874309
-0.497467
2.317544
-0.404566
-0.354033
-0.424681
-0.377594
0.235848
2.345144
1.043422
-0.367117
-0.347466
-0.332710
3.125019
0.527628
4.543192
-0.336193
2.387254
-0.300150
2.839642
-0.477800
0.065381
-0.289836
-0.357188
-0.304398
-0.441374
0.470430
-0.536523
-0.178866
-0.133128
-0.485541
-0.512882
4.381098
-0.394649
-0.389127
-0.369549
-0.423225
-0.161841
0.647524
-0.307844
-0.404172
-0.240148
1.400007
-0.448784
0.316658
3.175322
1.950327
-0.304784
1.794784
-0.306902
-0.302193
-0.428103
-0.641312
0.693836
-0.312927
-0.329960
4.011938
3.150805
-0.471757
-0.067919
-0.354472
-0.253856
-0.360818
-0.334474
-0.340559
1.076009
1.593017
-0.429590
-0.529309
-0.342496
-0.496825
5.938657
-0.419758
-0.433122
-0.318246
-0.135652
-0.327515
0.275054
-0.480061
-0.593826
0.736462
-0.538968
3.621619
-0.526465
0.559679
-0.580648
1.956011
-0.206520
-0.516953
-0.302467
-0.423085
0.577216
3.822309
-0.507247
-0.370607
-0.367855
-0.219455
-0.318133
-0.365177
-0.261254
-0.592998
-0.611997
-0.504982
-0.062533
-0.361669
-0.469599
-0.008247
-0.294643
-0.246691
-0.147433
-0.359196
1.140149
-0.589318
1.512959
0.138614
-0.408008
0.293621
0.098984
-0.470778
0.579232
-0.194112
-0.378711
0.289630
-0.246697
1.269588
0.823235
-0.327713
1.299752
2.736205
-0.497467
1.913724
-0.538711
-0.354033
-0.424681
-0.377594
-0.640996
3.032699
0.088572
-0.033586
-0.347466
-0.332710
2.012757
-0.449285
5.237098
-0.336193
3.064171
-0.300150
2.467442
0.052858
0.065381
-0.289836
-0.357188
-0.304398
1.201238
1.105287
-0.536523
-0.178866
-0.133128
-0.485541
-0.512882
4.494464
-0.394649
-0.664873
1.657869
-0.423225
-0.161841
0.450338
-0.307844
-0.404172
-0.240148
1.833019
-0.473362
-0.186412
3.221777
2.011055
-0.304784
2.206853
-0.306902
-0.302193
-0.428103
-0.641312
2.271525
-0.312927
-0.329960
3.104067
2.880635
-0.430956
1.668839
-0.354472
-0.253856
-0.360818
-0.334474
-0.340559
0.892731
0.645695
-0.429590
0.661590
-0.162180
-0.496825
5.917048
-0.419758
-0.433122
-0.318246
-0.135652
-0.327515
-0.115741
-0.480061
-0.593826
0.486101
-0.538968
3.291228
-0.526465
0.654684
-0.580648
1.725694
-0.206520
-0.516953
-0.302467
0.809903
0.390260
3.386422
-0.507247
-0.370607
-0.367855
-0.219455
-0.318133
-0.365177
-0.261254
-0.592998
-0.770090
-0.504982
-0.292154
-0.361669
3.057457
0.154594
-0.294643
-0.246691
0.694723
2.278774
1.039286
-0.589318
1.224058
-0.259903
-0.408008
-0.454978
0.568124
-0.470778
-0.445753
-0.194112
-0.378711
0.219163
0.723139
-0.468499
-0.468326
-0.327713
0.574558
-0.313912
-0.374710
2.816353
0.451608
3.249939
-0.424681
-0.377594
3.751489
-0.429652
0.259274
-0.367117
-0.347466
-0.332710
4.166208
-0.449285
2.437454
-0.336193
-0.425477
-0.300150
1.138377
-0.477800
0.065381
-0.289836
2.181968
-0.304398
-0.441374
-0.484735
1.534136
2.579777
-0.133128
-0.485541
-0.512882
2.518092
0.344211
7.450897
-0.369549
3.103727
-0.161841
0.350999
-0.307844
-0.404172
-0.240148
0.172786
1.295928
2.554816
4.961055
-0.139704
-0.304784
9.108515
-0.306902
0.766074
-0.428103
-0.641312
0.614056
0.286239
-0.329960
2.767982
0.704255
-0.471757
0.632824
-0.354472
-0.196288
1.951582
-0.334474
5.239871
2.175920
1.818668
0.583116
-0.529309
-0.342496
-0.496825
6.421559
-0.419758
2.963710
1.400433
-0.086014
-0.327515
0.643443
-0.480061
-0.593826
-0.429478
2.200841
3.698628
-0.526465
6.009777
1.022246
3.888287
-0.206520
-0.516953
-0.302467
-0.423085
-0.446024
1.717672
-0.507247
-0.370607
-0.367855
-0.219455
-0.318133
-0.365177
-0.261254
-0.239161
-0.766659
-0.504982
-0.292154
-0.361669
-0.469599
-0.485868
-0.294643
-0.246691
6.882987
-0.359196
1.641372
2.676548
3.464721
-0.259903
-0.408008
6.870301
-0.568625
-0.470778
-0.445753
-0.194112
-0.378711
-0.270121
-0.246697
-0.468499
-0.468326
-0.327713
-0.500929
5.282581
-0.497467
2.703028
4.998733
-0.354033
-0.424681
-0.377594
-0.251528
8.106586
-0.354502
1.824098
-0.347466
-0.332710
-0.205791
-0.449285
18.414671
-0.336193
6.226243
-0.300150
4.001390
1.008034
0.065381
-0.289836
1.505374
-0.304398
2.464302
3.773069
14.641442
-0.178866
-0.133128
-0.485541
-0.512882
-0.311051
-0.394649
1.482922
-0.369549
1.305167
-0.161841
-0.225614
-0.307844
4.953415
-0.240148
2.227238
-0.473362
-0.312708
6.121778
-0.423626
-0.304784
-0.251277
-0.306902
-0.302193
-0.428103
-0.641312
9.923996
-0.312927
-0.329960
-0.485381
1.295734
-0.471757
-0.067919
-0.354472
-0.253856
-0.360818
-0.334474
-0.340559
5.025930
-0.250531
-0.429590
2.751744
-0.342496
-0.496825
-0.031597
2.212186
-0.433122
-0.318246
-0.135652
-0.327515
-0.714810
8.186530
2.386635
-0.429478
-0.538968
-0.603397
1.011443
4.701224
4.213764
3.613817
-0.206520
8.012564
-0.302467
6.166542
2.560122
14.242620
-0.507247
-0.370607
-0.367855
-0.219455
-0.318133
-0.365177
-0.261254
-0.592998
-0.770090
-0.504982
-0.292154
-0.361669
-0.469599
-0.485868
-0.294643
-0.246691
4.115259
-0.359196
0.563264
1.682870
-0.475240
-0.259903
-0.408008
-0.454978
-0.568625
-0.470778
-0.445753
-0.194112
-0.378711
-0.406734
-0.246697
0.774874
-0.468326
-0.327713
-0.500929
-0.313912
-0.497467
-0.646142
3.215330
-0.354033
-0.424681
-0.377594
-0.640996
1.683515
-0.354502
-0.367117
-0.347466
-0.332710
-0.205791
10.528429
-0.347280
-0.336193
-0.425477
-0.300150
3.197778
-0.477800
0.065381
5.496970
-0.357188
-0.304398
-0.441374
0.698989
15.959509
2.473371
-0.133128
-0.485541
-0.512882
-0.311051
-0.394649
10.845150
-0.369549
1.536646
-0.161841
-0.225614
-0.307844
-0.404172
-0.240148
2.137059
-0.473362
-0.312708
6.203237
-0.423626
12.650238
-0.251277
-0.306902
-0.302193
-0.428103
3.625349
1.140841
-0.312927
-0.329960
-0.533938
-0.186340
-0.471757
-0.067919
-0.354472
-0.253856
-0.360818
-0.334474
-0.340559
1.552055
-0.250531
-0.429590
-0.529309
-0.342496
-0.496825
-0.031597
8.731381
-0.433122
-0.318246
-0.135652
-0.327515
1.636646
10.293238
2.118019
-0.429478
-0.538968
-0.603397
-0.526465
-0.428905
-0.580648
-0.635035
-0.206520
7.750457
-0.302467
-0.423085
-0.587129
-0.129242
-0.507247
-0.370607
-0.367855
-0.219455
-0.318133
-0.365177
-0.261254
1.849700
0.919587
-0.504982
-0.025962
-0.361669
-0.469599
-0.485868
-0.294643
-0.246691
-0.147433
-0.359196
-0.293518
1.637397
7.272828
-0.259903
-0.408008
3.383282
-0.568625
-0.470778
-0.445753
-0.194112
-0.378711
-0.406734
-0.246697
-0.468499
-0.468326
-0.327713
-0.500929
-0.313912
-0.497467
-0.646142
5.751760
-0.354033
-0.424681
-0.377594
-0.640996
-0.429652
-0.354502
-0.367117
-0.347466
0.967651
-0.205791
9.350381
-0.347280
-0.336193
-0.425477
-0.300150
-0.545216
-0.477800
0.065381
12.809576
-0.357188
-0.304398
-0.441374
-0.484735
13.868309
-0.178866
-0.133128
-0.485541
1.813735
-0.311051
-0.394649
-0.664873
-0.369549
1.596439
-0.161841
-0.225614
-0.307844
-0.404172
-0.240148
-0.630287
-0.473362
-0.312708
-0.624787
-0.423626
-0.304784
-0.251277
-0.306902
-0.302193
-0.428103
2.409775
3.191701
0.289495
-0.329960
1.272922
-0.186340
-0.471757
-0.067919
2.593513
-0.253856
-0.360818
-0.334474
-0.340559
-0.322789
-0.250531
-0.429590
0.685240
-0.342496
-0.496825
-0.031597
-0.419758
-0.433122
-0.318246
-0.135652
-0.327515
-0.714810
17.020910
-0.593826
-0.429478
-0.538968
-0.603397
-0.526465
-0.428905
-0.580648
5.201440
-0.206520
3.491819
-0.302467
3.414107
-0.587129
-0.129242
-0.507247
-0.370607
4.389310
-0.219455
-0.318133
3.275960
-0.261254
-0.592998
-0.444955
-0.504982
0.429114
-0.361669
-0.469599
-0.485868
-0.294643
-0.246691
-0.147433
-0.359196
-0.293518
8.322285
-0.475240
-0.259903
-0.408008
-0.454978
-0.568625
0.644789
-0.445753
-0.194112
-0.378711
-0.406734
-0.246697
-0.468499
-0.468326
1.823228
11.250425
-0.313912
-0.144815
-0.646142
3.159339
-0.354033
-0.424681
-0.377594
-0.640996
-0.429652
-0.354502
-0.367117
-0.347466
-0.332710
-0.205791
18.381477
-0.347280
0.868456
-0.425477
-0.300150
6.906272
-0.477800
0.065381
0.398046
-0.357188
-0.304398
-0.441374
-0.484735
10.413959
-0.178866
-0.133128
-0.485541
-0.512882
-0.311051
-0.394649
-0.228916
-0.369549
-0.423225
-0.161841
-0.225614
-0.307844
-0.404172
-0.240148
6.721778
-0.473362
-0.312708
1.435563
-0.423626
2.081931
-0.251277
-0.306902
-0.302193
5.072276
4.471996
-0.720116
5.654805
-0.329960
3.164994
-0.186340
-0.471757
-0.067919
-0.354472
4.452063
-0.360818
-0.334474
-0.340559
4.024035
-0.250531
-0.429590
-0.529309
-0.342496
5.364473
-0.031597
-0.004123
-0.433122
-0.318246
-0.135652
-0.327515
13.050575
10.473124
-0.593826
-0.429478
-0.538968
-0.603397
-0.526465
-0.428905
-0.580648
0.588866
-0.206520
-0.516953
-0.302467
-0.423085
2.875910
-0.129242
-0.507247
-0.370607
2.999776
1.558630
-0.318133
1.045670
-0.261254
2.546470
8.435067
-0.504982
-0.292154
-0.361669
-0.469599
-0.485868
-0.294643
-0.246691
-0.147433
-0.359196
-0.293518
5.067591
3.314686
-0.259903
-0.408008
5.415380
-0.107550
-0.470778
-0.445753
-0.194112
-0.378711
4.006461
-0.246697
-0.468499
6.800902
-0.327713
7.090868
-0.313912
-0.497467
6.882034
-0.538711
-0.354033
-0.424681
-0.377594
1.874558
2.992626
-0.354502
-0.367117
-0.347466
-0.332710
-0.205791
-0.449285
-0.347280
5.707261
-0.425477
-0.300150
1.925725
0.585426
0.065381
0.189418
-0.357188
-0.304398
0.828165
5.662837
-0.536523
1.042710
-0.133128
-0.485541
-0.512882
2.085919
-0.394649
0.855461
-0.369549
-0.423225
-0.161841
5.669518
-0.307844
-0.404172
-0.240148
1.226853
3.794162
-0.312708
4.672787
-0.423626
-0.304784
-0.251277
5.007531
1.059382
6.031435
-0.641312
3.271309
-0.312927
-0.329960
13.738283
7.150849
-0.471757
0.373733
-0.354472
-0.253856
-0.360818
-0.334474
4.308154
3.749366
1.529394
0.269465
-0.529309
-0.342496
-0.496825
-0.031597
-0.419758
10.735421
14.441630
1.170454
-0.327515
6.042979
-0.480061
-0.593826
-0.429478
9.233049
1.237870
-0.526465
1.033670
-0.580648
-0.635035
-0.206520
-0.516953
-0.302467
-0.423085
-0.587129
8.057335
-0.507247
-0.370607
0.567536
-0.219455
-0.318133
0.015595
-0.261254
1.904172
0.474596
-0.504982
0.767013
-0.361669
2.423206
-0.485868
-0.294643
-0.246691
3.421710
-0.359196
-0.293518
1.532309
9.279895
-0.259903
-0.408008
-0.454978
-0.564335
-0.470778
-0.445753
-0.194112
-0.378711
-0.406734
-0.246697
0.059126
-0.468326
-0.327713
0.810355
-0.313912
-0.497467
1.968159
-0.538711
-0.354033
-0.424681
-0.377594
0.689105
0.023757
-0.354502
-0.367117
-0.347466
-0.332710
5.247386
-0.449285
2.746608
-0.336193
-0.425477
-0.300150
1.816549
-0.477800
0.065381
-0.289836
-0.357188
-0.304398
-0.441374
0.082976
-0.536523
-0.178866
-0.133128
-0.485541
-0.512882
6.121769
-0.394649
-0.065663
-0.369549
-0.356918
-0.161841
-0.225614
-0.307844
-0.404172
-0.240148
1.057156
-0.473362
2.378020
3.622317
-0.423626
-0.304784
-0.251277
-0.306902
-0.302193
-0.428103
-0.641312
0.273226
-0.312927
-0.329960
3.489808
0.488551
-0.471757
-0.067919
-0.354472
-0.253856
-0.360818
-0.334474
-0.340559
0.247238
-0.250531
-0.429590
-0.529309
-0.342496
-0.496825
1.468367
-0.419758
-0.433122
0.482972
-0.135652
-0.327515
0.153029
-0.480061
-0.593826
-0.429478
-0.538968
3.043811
-0.526465
1.191658
-0.580648
1.363842
-0.206520
-0.516953
-0.302467
-0.423085
0.060421
3.525512
-0.507247
-0.370607
-0.367855
-0.219455
-0.318133
-0.365177
-0.261254
-0.592998
-0.770090
-0.504982
-0.292154
-0.361669
-0.469599
-0.485868
-0.294643
-0.246691
-0.147433
-0.359196
-0.293518
-0.589318
0.562875
-0.259903
-0.408008
0.533290
-0.568625
-0.470778
0.764844
-0.194112
-0.378711
0.069155
-0.246697
1.085880
-0.468326
-0.327713
0.599028
1.190219
-0.497467
1.450956
-0.538711
-0.354033
-0.424681
-0.377594
-0.513624
1.336371
-0.354502
-0.367117
-0.347466
-0.332710
3.604872
-0.449285
3.926708
-0.336193
3.039898
-0.300150
1.537732
-0.477800
0.065381
-0.289836
0.032181
-0.304398
0.355003
1.154397
-0.536523
-0.178866
-0.133128
-0.485541
-0.512882
5.975066
-0.394649
-0.664873
1.295634
0.035811
-0.161841
0.050444
-0.307844
-0.404172
-0.240148
1.814819
-0.473362
1.611143
3.604837
-0.423626
-0.304784
-0.071237
-0.306902
-0.302193
-0.428103
-0.641312
2.589422
-0.312927
-0.329960
2.597797
0.665360
-0.471757
0.880396
-0.354472
-0.253856
-0.360818
-0.334474
-0.340559
0.026048
-0.250531
-0.429590
0.694469
-0.342496
-0.496825
2.915041
-0.419758
-0.433122
-0.318246
-0.135652
-0.327515
-0.400507
-0.480061
-0.593826
-0.429478
-0.538968
2.943178
-0.526465
1.004583
-0.580648
1.276574
-0.206520
-0.516953
-0.302467
0.290000
0.144153
3.224423
-0.507247
-0.370607
-0.367855
-0.219455
-0.318133
-0.365177
-0.261254
-0.592998
-0.770090
-0.504982
-0.292154
-0.361669
4.340313
-0.275311
-0.294643
-0.246691
0.200682
1.713764
-0.293518
-0.589318
0.840346
-0.259903
-0.408008
-0.454978
0.552681
-0.470778
0.562220
-0.194112
-0.378711
0.202269
0.708047
0.408175
-0.468326
-0.327713
0.546063
-0.313912
-0.356523
4.643520
0.467906
3.548169
-0.424681
-0.377594
2.851746
-0.429652
0.659023
-0.367117
-0.347466
-0.332710
4.151921
-0.449285
3.126136
-0.336193
-0.425477
-0.300150
1.137951
-0.142163
0.065381
-0.289836
1.947229
-0.304398
-0.441374
-0.484735
2.664343
4.149064
-0.133128
-0.485541
-0.512882
3.099672
2.001724
6.439691
-0.369549
2.079948
-0.161841
2.324207
-0.307844
-0.404172
-0.240148
0.304272
1.271288
2.521111
5.422014
-0.423626
-0.304784
12.931391
-0.306902
1.170425
-0.428103
-0.641312
1.429498
0.428236
-0.329960
2.743091
0.682137
-0.471757
6.544956
-0.354472
-0.236122
-0.360818
-0.334474
7.585989
2.285298
8.129954
0.588629
-0.529309
-0.342496
-0.496825
8.429182
-0.419758
2.908542
1.332866
-0.135652
-0.327515
0.630083
-0.480061
-0.593826
-0.429478
2.355293
4.591874
-0.526465
6.590078
1.298828
4.171811
-0.206520
-0.516953
-0.302467
0.295899
0.075347
1.641900
-0.507247
-0.370607
-0.367855
-0.219455
-0.318133
-0.365177
-0.261254
0.115349
-0.599820
-0.504982
-0.292154
-0.361669
-0.469599
-0.485868
-0.294643
-0.246691
9.047153
-0.359196
0.727282
2.013601
3.655458
-0.259903
-0.408008
-0.454978
-0.568625
-0.470778
0.604065
-0.194112
-0.378711
1.212428
-0.246697
-0.468499
-0.468326
-0.327713
-0.500929
5.221406
-0.497467
3.019235
2.528782
-0.354033
-0.424681
-0.377594
-0.640996
8.705919
-0.354502
3.347986
-0.347466
-0.332710
-0.205791
-0.335387
15.580164
-0.336193
17.296875
-0.300150
0.420802
2.900697
0.065381
-0.289836
5.694685
-0.304398
-0.441374
5.695648
13.639091
-0.178866
-0.133128
-0.485541
-0.512882
3.593945
-0.394649
-0.664873
-0.369549
0.584872
-0.161841
-0.225614
-0.307844
-0.404172
-0.240148
2.099347
-0.473362
-0.312708
3.308925
-0.423626
-0.304784
-0.251277
-0.306902
-0.302193
-0.428103
-0.641312
11.092584
1.623960
-0.329960
3.100303
2.710680
-0.471757
2.380300
1.005604
-0.253856
-0.360818
-0.334474
0.289352
-0.389514
-0.250531
-0.429590
4.782445
-0.342496
-0.496825
-0.031597
2.119672
-0.433122
-0.318246
-0.135652
-0.327515
-0.714810
6.141496
2.259635
-0.429478
-0.538968
-0.603397
2.880828
8.063961
-0.580648
5.651275
-0.206520
3.264253
-0.302467
5.754897
2.307170
14.278390
-0.507247
-0.370607
-0.367855
-0.219455
-0.318133
-0.365177
-0.261254
2.526595
-0.770090
-0.504982
-0.292154
-0.361669
-0.469599
-0.485868
-0.294643
-0.246691
3.398366
-0.359196
-0.011370
-0.589318
-0.475240
-0.259903
-0.408008
-0.454978
-0.568625
0.965288
-0.445753
-0.194112
-0.378711
-0.406734
-0.246697
-0.468499
-0.468326
-0.327713
-0.500929
1.655886
-0.497467
-0.646142
-0.538711
-0.354033
-0.424681
-0.377594
-0.640996
6.990968
-0.354502
-0.367117
-0.347466
-0.332710
-0.205791
-0.449285
-0.347280
-0.336193
-0.425477
-0.300150
-0.545216
2.637615
0.065381
-0.289836
-0.357188
-0.304398
-0.441374
-0.484735
11.537133
-0.178866
-0.133128
-0.485541
-0.512882
-0.311051
-0.394649
9.346199
-0.369549
-0.423225
-0.161841
-0.225614
-0.307844
-0.404172
-0.240148
5.885358
-0.473362
-0.312708
1.355814
-0.423626
12.015532
-0.251277
-0.306902
-0.302193
-0.428103
5.056320
-0.720116
1.201362
-0.329960
-0.533938
-0.186340
-0.471757
-0.067919
1.172137
-0.253856
-0.360818
-0.334474
-0.340559
-0.389514
-0.250531
-0.429590
5.339935
-0.342496
-0.496825
-0.031597
10.017017
-0.433122
-0.318246
-0.135652
-0.327515
1.949748
11.152128
2.562647
-0.429478
-0.538968
-0.603397
0.923555
-0.428905
-0.580648
-0.635035
-0.206520
-0.516953
-0.302467
-0.423085
-0.587129
-0.129242
-0.507247
-0.370607
-0.367855
-0.219455
-0.318133
2.608062
-0.261254
4.717337
3.419844
-0.504982
-0.292154
-0.361669
-0.469599
-0.485868
-0.294643
-0.246691
-0.147433
-0.359196
-0.293518
-0.589318
7.344725
-0.259903
-0.408008
3.763381
-0.568625
-0.470778
-0.445753
-0.194112
-0.378711
-0.406734
-0.246697
-0.468499
-0.468326
0.753165
-0.500929
8.871259
-0.497467
-0.646142
-0.538711
-0.354033
2.601394
-0.377594
-0.640996
1.340398
-0.354502
-0.367117
-0.347466
0.452827
-0.205791
-0.449285
-0.347280
-0.336193
-0.425477
-0.300150
-0.545216
7.021490
0.065381
-0.289836
-0.357188
-0.304398
-0.441374
-0.484735
7.653481
-0.178866
-0.133128
-0.485541
6.138851
-0.311051
-0.394649
-0.664873
-0.369549
-0.423225
-0.161841
-0.225614
-0.307844
-0.404172
-0.240148
-0.338103
-0.473362
-0.312708
-0.624787
-0.423626
-0.304784
-0.251277
-0.306902
-0.302193
0.630179
2.708204
-0.720116
5.268322
-0.329960
-0.533938
-0.186340
0.036533
-0.067919
7.111979
1.240493
-0.360818
-0.334474
-0.340559
2.080202
-0.250531
-0.429590
-0.529309
-0.342496
-0.496825
-0.031597
0.022867
-0.433122
-0.318246
-0.135652
-0.327515
-0.158746
11.764227
0.960789
-0.429478
-0.538968
1.044029
-0.429512
-0.428905
-0.580648
4.445684
-0.206520
-0.516953
-0.302467
4.524696
-0.587129
-0.129242
-0.507247
-0.370607
1.365176
-0.219455
-0.318133
0.865971
-0.261254
1.761817
-0.770090
-0.504982
-0.292154
-0.361669
-0.469599
-0.485868
-0.294643
-0.246691
-0.147433
-0.359196
-0.293518
5.392313
-0.475240
-0.259903
-0.408008
-0.454978
-0.568625
3.780536
-0.445753
-0.194112
-0.378711
-0.406734
-0.246697
-0.311750
-0.468326
4.012374
6.854167
-0.313912
-0.497467
-0.646142
1.577529
-0.354033
-0.424681
-0.377594
-0.640996
-0.429652
-0.354502
-0.367117
-0.347466
-0.332710
-0.205791
10.764857
-0.347280
-0.336193
-0.425477
-0.300150
4.609707
-0.477800
0.065381
0.744657
-0.357188
-0.304398
-0.441374
-0.484735
4.202148
-0.178866
-0.133128
-0.485541
-0.512882
-0.311051
-0.394649
-0.664873
-0.369549
-0.423225
-0.161841
-0.225614
-0.307844
-0.404172
-0.240148
1.153984
0.191948
-0.312708
5.069840
-0.423626
9.942269
-0.251277
-0.306902
1.798472
1.323108
4.977360
-0.720116
0.550281
-0.329960
3.157101
2.152099
-0.471757
-0.067919
-0.354472
2.232603
-0.360818
-0.334474
-0.340559
3.402929
-0.250531
5.540468
-0.529309
-0.342496
5.111030
-0.031597
-0.419758
6.362964
-0.318246
-0.135652
-0.327515
11.146061
11.934138
-0.593826
-0.429478
-0.538968
-0.603397
-0.526465
-0.428905
-0.580648
-0.635035
-0.206520
-0.516953
-0.302467
-0.423085
5.790674
-0.129242
-0.507247
-0.370607
1.738524
-0.219455
-0.318133
3.155241
-0.261254
1.168674
7.322271
-0.504982
-0.292154
-0.361669
-0.469599
-0.485868
-0.294643
-0.246691
-0.147433
-0.359196
-0.293518
10.396881
-0.475240
-0.259903
-0.408008
4.645504
1.341435
-0.470778
-0.445753
-0.194112
-0.378711
7.144113
-0.246697
-0.468499
6.560613
2.502267
10.085822
-0.313912
-0.497467
11.252091
0.347322
-0.354033
-0.424681
-0.377594
0.174280
1.593732
-0.354502
-0.367117
-0.347466
-0.332710
-0.205791
-0.449285
-0.347280
11.036034
-0.425477
-0.300150
1.567538
1.902859
0.065381
1.219539
-0.357188
-0.304398
-0.441374
4.158125
-0.536523
1.693949
-0.133128
1.238748
-0.512882
8.881968
-0.394649
2.428504
-0.369549
0.096386
-0.161841
6.322417
-0.307844
-0.404172
-0.240148
8.007875
2.430907
-0.312708
8.576415
-0.423626
-0.304784
-0.251277
3.301276
2.818983
3.278790
-0.641312
4.783689
-0.312927
-0.329960
10.652928
7.290523
-0.471757
1.303848
-0.354472
-0.253856
-0.360818
-0.334474
7.233960
6.537458
2.250009
-0.429590
-0.529309
-0.342496
-0.496825
-0.018944
-0.138836
10.185932
10.693078
6.401523
-0.327515
7.205535
2.300096
-0.593826
-0.429478
16.943041
1.386066
-0.526465
2.081855
-0.580648
-0.525991
-0.206520
-0.516953
-0.302467
1.348609
-0.587129
5.511452
-0.507247
-0.370607
0.506315
-0.219455
-0.318133
2.675197
-0.261254
2.182319
0.527506
-0.471040
2.146707
-0.361669
3.296823
-0.485868
-0.294643
-0.246691
4.699594
-0.359196
-0.293518
3.930232
12.765281
-0.259903
-0.408008
-0.454978
-0.498967
-0.470778
-0.445753
-0.194112
-0.378711
-0.406734
-0.246697
0.059160
-0.468326
-0.327713
0.645747
-0.313912
-0.497467
2.059499
-0.538711
-0.354033
-0.424681
-0.377594
0.741538
-0.037380
-0.354502
-0.367117
-0.347466
-0.332710
5.257771
-0.449285
2.746608
-0.336193
-0.425477
-0.300150
1.839854
-0.477800
0.065381
-0.289836
-0.357188
-0.304398
-0.441374
0.030862
-0.536523
-0.178866
-0.133128
-0.485541
-0.512882
6.321965
-0.394649
-0.065663
-0.369549
-0.356918
-0.161841
-0.225614
-0.307844
-0.404172
-0.240148
1.181027
-0.473362
2.405439
3.648680
-0.423626
-0.304784
-0.251277
-0.306902
-0.302193
-0.428103
-0.641312
0.158243
-0.312927
-0.329960
3.461976
0.488551
-0.471757
-0.067919
-0.354472
-0.253856
-0.360818
-0.334474
-0.340559
0.264359
-0.250531
-0.429590
-0.529309
-0.342496
-0.496825
1.468367
-0.419758
-0.433122
0.406007
-0.135652
-0.327515
0.107744
-0.480061
-0.593826
-0.429478
-0.538968
3.159872
-0.526465
1.181042
-0.580648
1.392522
-0.206520
-0.516953
-0.302467
-0.423085
0.075304
3.525512
-0.507247
-0.370607
-0.367855
-0.219455
-0.318133
-0.365177
-0.261254
-0.592998
-0.770090
-0.504982
-0.292154
-0.361669
-0.469599
-0.485868
-0.294643
-0.246691
-0.147433
-0.359196
-0.293518
-0.589318
0.541225
-0.259903
-0.408008
0.533290
-0.568625
-0.470778
0.764844
-0.194112
-0.378711
0.069155
-0.246697
1.085880
-0.468326
-0.327713
0.599028
1.190219
-0.497467
1.450956
-0.538711
-0.354033
-0.424681
-0.377594
-0.513624
1.336371
-0.354502
-0.367117
-0.347466
-0.332710
3.604872
-0.449285
3.926708
-0.336193
3.039898
-0.300150
1.537732
-0.477800
0.065381
-0.289836
0.032181
-0.304398
0.355003
1.154397
-0.536523
-0.178866
-0.133128
-0.485541
-0.512882
5.975066
-0.394649
-0.664873
1.295634
0.035811
-0.161841
0.050444
-0.307844
-0.404172
-0.240148
1.814819
-0.473362
1.611143
3.604837
-0.423626
-0.304784
-0.071237
-0.306902
-0.302193
-0.428103
-0.641312
2.589422
-0.312927
-0.329960
2.597797
0.665360
-0.471757
0.880396
-0.354472
-0.253856
-0.360818
-0.334474
-0.340559
0.026048
-0.250531
-0.429590
0.694469
-0.342496
-0.496825
2.915041
-0.419758
-0.433122
-0.318246
-0.135652
-0.327515
-0.400507
-0.480061
-0.593826
-0.429478
-0.538968
2.943178
-0.526465
1.004583
-0.580648
1.276574
-0.206520
-0.516953
-0.302467
0.290000
0.144153
3.224423
-0.507247
-0.370607
-0.367855
-0.219455
-0.318133
-0.365177
-0.261254
-0.592998
-0.770090
-0.504982
-0.292154
-0.361669
4.340313
-0.275311
-0.294643
-0.246691
0.200682
1.713764
-0.293518
-0.589318
0.840346
-0.259903
-0.408008
-0.454978
-0.568625
-0.470778
1.309607
-0.194112
-0.378711
-0.406734
0.187132
-0.468499
-0.468326
-0.327713
-0.500929
-0.313912
0.593849
4.481670
2.666507
2.745688
-0.424681
-0.377594
2.546303
-0.429652
2.953449
-0.367117
-0.347466
-0.332710
3.514664
-0.449285
8.121615
-0.336193
0.114667
-0.300150
1.502448
0.869004
0.065381
-0.289836
0.351272
-0.304398
-0.441374
-0.484735
3.312008
4.609204
2.316355
0.280381
-0.512882
4.680055
3.113675
4.518885
-0.369549
4.819685
-0.161841
4.013472
-0.307844
-0.404172
2.104318
0.530918
2.261470
1.229339
5.789089
2.290380
-0.304784
8.186427
-0.306902
1.845679
1.290154
-0.641312
0.140916
0.915115
-0.329960
5.091946
0.811163
-0.471757
6.318951
-0.354472
-0.253856
4.642181
-0.334474
6.691697
1.542325
6.681397
1.175647
-0.529309
1.187232
-0.496825
16.859056
-0.160663
-0.433122
-0.318246
-0.135652
-0.327515
0.230990
-0.094174
-0.593826
-0.429478
2.635076
5.160379
-0.526465
2.779680
1.791524
5.159832
-0.206520
-0.516953
-0.302467
1.559567
0.387237
-0.129242
1.152181
-0.370607
-0.367855
-0.219455
-0.318133
-0.365177
-0.261254
0.913564
0.296585
-0.504982
-0.292154
-0.361669
-0.469599
-0.485868
-0.294643
3.251333
14.834637
-0.359196
-0.293518
1.284707
0.543229
-0.259903
-0.408008
-0.454978
-0.126543
-0.470778
3.532334
-0.194112
-0.378711
3.756360
-0.246697
-0.468499
-0.468326
-0.327713
-0.500929
-0.313912
-0.497467
-0.646142
6.243334
-0.354033
-0.424681
-0.377594
-0.296250
-0.429652
-0.354502
-0.367117
-0.347466
-0.332710
-0.205791
3.335278
4.687008
-0.336193
12.577637
-0.300150
-0.058064
-0.477800
0.065381
6.024661
7.361395
-0.304398
0.985170
-0.484735
13.900921
1.025339
-0.133128
2.631468
-0.512882
-0.311051
-0.394649
-0.664873
-0.369549
0.208642
-0.161841
-0.225614
-0.307844
3.966029
-0.240148
0.013620
-0.473362
-0.312708
-0.386808
-0.423626
-0.304784
-0.251277
-0.306902
-0.302193
-0.428103
-0.641312
3.938678
2.563492
-0.329960
4.856341
-0.186340
-0.471757
-0.067919
3.787304
-0.253856
-0.360818
-0.334474
-0.340559
-0.389514
-0.250531
-0.429590
4.741214
-0.342496
-0.496825
-0.031597
1.230466
-0.433122
-0.318246
-0.135652
-0.327515
-0.714810
10.205429
3.441329
-0.429478
-0.538968
-0.603397
-0.526465
-0.428905
-0.580648
0.459519
-0.206520
7.147906
-0.302467
12.895119
0.406391
-0.129242
-0.507247
-0.370607
3.923942
-0.219455
-0.318133
-0.365177
-0.261254
-0.592998
-0.770090
-0.504982
4.023206
5.456136
-0.469599
-0.485868
-0.294643
7.339416
7.519918
2.850808
-0.293518
-0.589318
-0.475240
-0.259903
-0.408008
-0.454978
-0.568625
-0.470778
-0.445753
-0.194112
-0.378711
-0.406734
-0.246697
-0.468499
-0.468326
-0.327713
-0.500929
-0.313912
-0.497467
-0.646142
-0.538711
-0.354033
0.676948
-0.377594
-0.640996
3.184927
-0.354502
-0.367117
-0.347466
0.442329
-0.205791
0.741552
-0.347280
-0.336193
-0.425477
-0.300150
2.352265
3.495269
0.065381
1.083425
-0.357188
-0.304398
-0.441374
-0.484735
11.789988
-0.178866
-0.133128
-0.485541
0.394420
-0.311051
-0.394649
6.080808
-0.369549
1.299991
-0.161841
-0.225614
-0.307844
-0.404172
-0.240148
7.453246
-0.473362
-0.312708
-0.624787
-0.423626
3.193734
-0.251277
-0.306902
-0.302193
-0.428103
4.531475
3.647807
-0.312927
-0.329960
-0.533938
-0.186340
-0.471757
-0.067919
1.228005
-0.253856
-0.360818
-0.334474
-0.340559
-0.389514
-0.250531
-0.429590
4.676107
-0.342496
-0.496825
-0.031597
3.952701
-0.433122
-0.318246
-0.135652
-0.327515
3.977613
9.292101
5.148842
-0.429478
-0.538968
-0.603397
-0.265004
-0.428905
-0.580648
-0.635035
-0.206520
-0.516953
-0.302467
0.991874
2.581709
-0.129242
-0.507247
-0.370607
0.783439
-0.219455
-0.318133
-0.365177
-0.261254
5.231530
0.830246
-0.504982
-0.292154
2.172915
-0.469599
-0.485868
-0.294643
-0.246691
-0.147433
-0.359196
-0.293518
-0.033654
0.472858
-0.259903
-0.408008
1.901509
0.767390
-0.470778
-0.445753
-0.194112
-0.378711
-0.406734
-0.246697
-0.468499
-0.468326
-0.259487
-0.500929
-0.313912
-0.497467
-0.646142
1.314100
-0.354033
4.585968
-0.377594
-0.640996
2.918061
-0.354502
-0.367117
-0.347466
1.866086
-0.205791
6.712719
-0.347280
-0.336193
-0.425477
-0.300150
-0.545216
13.409087
0.065381
-0.289836
-0.357188
-0.304398
-0.441374
0.736815
13.464947
-0.178866
-0.133128
-0.485541
-0.512882
-0.311051
-0.394649
-0.664873
-0.369549
-0.423225
-0.161841
-0.225614
-0.307844
-0.404172
-0.240148
-0.630287
-0.473362
-0.312708
-0.624787
-0.423626
-0.304784
-0.251277
-0.306902
-0.302193
-0.143559
3.969673
-0.720116
2.583068
-0.329960
-0.533938
-0.186340
4.602598
-0.067919
3.670140
-0.253856
-0.360818
-0.334474
-0.340559
1.425091
-0.250531
-0.429590
1.977897
-0.342496
-0.496825
-0.031597
-0.419758
-0.433122
-0.318246
-0.135652
-0.327515
0.977986
14.886417
2.077952
-0.429478
-0.538968
-0.603397
4.036506
-0.428905
-0.580648
-0.635035
1.520266
-0.516953
-0.302467
-0.250568
-0.082270
-0.129242
-0.507247
-0.370607
-0.267679
-0.219455
-0.318133
0.184451
-0.261254
7.247317
1.749060
-0.504982
3.474957
-0.361669
-0.469599
-0.485868
-0.294643
-0.246691
-0.147433
-0.359196
-0.293518
6.236778
-0.475240
-0.259903
-0.408008
-0.454978
-0.568625
6.551619
-0.445753
-0.194112
-0.378711
-0.406734
-0.246697
-0.468499
-0.468326
2.881955
10.518705
-0.313912
-0.497467
-0.646142
4.710188
-0.354033
-0.424681
-0.377594
-0.640996
-0.429652
-0.354502
-0.367117
-0.347466
-0.332710
-0.205791
5.873948
-0.347280
-0.336193
-0.425477
-0.300150
4.878104
-0.477800
0.065381
4.728844
-0.357188
-0.304398
-0.441374
0.123897
9.727607
-0.178866
-0.133128
-0.485541
-0.512882
-0.311051
-0.394649
-0.664873
-0.369549
-0.423225
-0.161841
-0.225614
-0.307844
-0.404172
-0.240148
-0.630287
-0.473362
-0.312708
-0.495269
-0.423626
-0.304784
-0.251277
-0.306902
3.159020
5.573531
4.108451
-0.720116
2.743410
-0.329960
6.208636
-0.186340
5.675795
-0.067919
-0.354472
3.736921
-0.360818
-0.334474
-0.340559
1.561910
-0.250531
8.522040
-0.529309
0.454604
8.777253
-0.031597
-0.419758
11.318259
-0.318246
-0.135652
-0.327515
11.215759
12.537994
-0.593826
-0.429478
-0.538968
-0.603397
1.622477
-0.428905
-0.580648
-0.635035
-0.206520
-0.516953
-0.302467
-0.423085
-0.587129
-0.129242
-0.507247
-0.370607
3.404469
-0.219455
-0.318133
0.747961
-0.261254
4.622523
10.910131
-0.504982
-0.292154
-0.361669
-0.469599
-0.485868
-0.294643
-0.246691
-0.147433
-0.359196
-0.293518
15.121557
-0.475240
-0.259903
-0.408008
1.672070
0.571833
-0.373404
-0.445753
-0.194112
-0.378711
6.952541
-0.246697
-0.468499
9.675285
1.497128
14.906700
-0.313912
-0.497467
11.661481
-0.079762
-0.354033
-0.424681
-0.377594
0.131344
2.022956
-0.354502
-0.367117
-0.347466
-0.332710
-0.205791
-0.449285
-0.347280
16.027784
-0.425477
-0.300150
0.045212
5.224141
0.065381
0.230575
-0.357188
-0.304398
-0.441374
3.613519
-0.536523
3.796139
1.010332
2.616621
-0.512882
7.341638
-0.394649
-0.504308
-0.369549
-0.423225
-0.161841
6.153831
-0.307844
-0.404172
-0.240148
6.946497
-0.473362
0.028215
4.568951
-0.423626
-0.304784
-0.251277
5.451706
2.928736
3.184087
-0.641312
2.730239
-0.029922
-0.329960
12.364333
9.701076
-0.471757
0.848539
-0.354472
-0.253856
-0.360818
-0.334474
7.040130
6.235193
4.904544
0.440874
-0.529309
-0.342496
-0.496825
-0.031597
1.042022
12.635134
14.867470
7.116312
-0.327515
11.776675
3.645485
-0.593826
-0.429478
20.703657
0.233839
-0.526465
3.807819
-0.580648
-0.635035
-0.206520
-0.516953
-0.302467
0.494236
-0.559050
7.963975
-0.507247
-0.370607
3.041530
-0.219455
-0.318133
2.425356
1.346840
0.680342
1.855452
1.233558
1.050183
0.247328
3.423268
-0.485868
-0.294643
-0.246691
3.873270
-0.359196
-0.293518
7.528265
12.445396
-0.259903
-0.408008
-0.454978
-0.531990
-0.470778
-0.445753
-0.194112
-0.378711
-0.406734
-0.246697
0.063061
-0.468326
-0.327713
0.913560
-0.313912
-0.497467
2.051176
-0.538711
-0.354033
-0.424681
-0.377594
0.730854
0.049147
-0.354502
-0.367117
-0.347466
-0.332710
5.372073
-0.449285
2.746608
-0.336193
-0.425477
-0.300150
1.815731
-0.477800
0.065381
-0.289836
-0.357188
-0.304398
-0.441374
0.257331
-0.536523
-0.178866
-0.133128
-0.485541
-0.512882
6.200766
-0.394649
-0.065663
-0.369549
-0.283275
-0.161841
0.172995
-0.307844
-0.404172
-0.240148
1.084096
-0.473362
2.392841
3.624287
-0.423626
-0.304784
-0.251277
-0.306902
-0.302193
-0.428103
-0.641312
0.332770
-0.312927
-0.329960
3.638887
1.022958
-0.471757
-0.067919
-0.354472
-0.253856
-0.360818
-0.334474
-0.340559
0.294047
-0.250531
-0.429590
-0.529309
-0.342496
-0.496825
1.472231
-0.419758
-0.433122
0.395972
-0.135652
-0.327515
0.096240
-0.480061
-0.593826
-0.429478
-0.538968
3.064728
-0.526465
1.260736
-0.580648
1.363842
-0.206520
-0.516953
-0.302467
-0.423085
0.060421
3.829932
-0.507247
-0.370607
-0.367855
-0.219455
-0.318133
-0.365177
-0.261254
-0.592998
-0.770090
-0.504982
-0.292154
-0.361669
-0.469599
-0.485868
-0.294643
-0.246691
-0.147433
-0.359196
-0.293518
-0.589318
0.539661
-0.259903
-0.408008
0.533290
-0.568625
-0.470778
0.764844
-0.194112
-0.378711
0.069155
-0.246697
1.085880
-0.468326
-0.327713
0.599028
1.190219
-0.497467
1.450956
-0.538711
-0.354033
-0.424681
-0.377594
-0.513624
1.336371
-0.354502
-0.367117
-0.347466
-0.332710
3.604872
-0.449285
3.926708
-0.336193
3.039898
-0.300150
1.537732
-0.477800
0.065381
-0.289836
0.032181
-0.304398
0.355003
1.154397
-0.536523
-0.178866
-0.133128
-0.485541
-0.512882
5.975066
-0.394649
-0.664873
1.295634
0.035811
-0.161841
0.050444
-0.307844
-0.404172
-0.240148
1.814819
-0.473362
1.611143
3.604837
-0.423626
-0.304784
-0.071237
-0.306902
-0.302193
-0.428103
-0.641312
2.589422
-0.312927
-0.329960
2.597797
0.665360
-0.471757
0.880396
-0.354472
-0.253856
-0.360818
-0.334474
-0.340559
0.026048
-0.250531
-0.429590
0.694469
-0.342496
-0.496825
2.915041
-0.419758
-0.433122
-0.318246
-0.135652
-0.327515
-0.400507
-0.480061
-0.593826
-0.429478
-0.538968
2.943178
-0.526465
1.004583
-0.580648
1.276574
-0.206520
-0.516953
-0.302467
0.290000
0.144153
3.224423
-0.507247
-0.370607
-0.367855
-0.219455
-0.318133
-0.365177
-0.261254
-0.592998
-0.770090
-0.504982
-0.292154
-0.361669
4.340313
-0.275311
-0.294643
-0.246691
0.200682
1.713764
-0.293518
-0.589318
0.840346
-0.259903
-0.408008
-0.454978
1.259966
-0.470778
7.482638
-0.194112
-0.378711
-0.406734
-0.246697
-0.468499
-0.468326
-0.327713
-0.500929
-0.313912
2.321778
6.059112
4.360727
-0.354033
0.709315
-0.377594
1.014061
-0.429652
-0.354502
-0.367117
-0.347466
-0.332710
-0.205791
-0.449285
3.517623
-0.336193
-0.425477
-0.300150
0.573245
-0.477800
0.065381
-0.289836
6.409456
-0.304398
-0.441374
-0.484735
5.656702
4.918030
-0.133128
3.385361
-0.512882
-0.311051
0.046230
0.426403
-0.369549
-0.423225
-0.161841
-0.225614
-0.307844
5.548446
-0.240148
-0.630287
3.392045
-0.312708
0.903457
-0.423626
-0.304784
-0.251277
-0.306902
-0.252548
-0.428103
-0.641312
-0.720116
-0.312927
-0.329960
2.928767
-0.186340
-0.471757
-0.067919
0.519199
-0.253856
3.901632
-0.334474
0.535940
1.325295
-0.250531
0.663363
-0.529309
1.844463
-0.496825
2.688839
-0.419758
-0.433122
-0.318246
-0.135652
-0.327515
0.399036
6.695611
-0.593826
-0.429478
-0.538968
1.632602
-0.526465
-0.428905
2.094351
-0.346919
-0.206520
4.864552
-0.302467
6.780882
4.093435
-0.129242
2.849536
-0.370607
-0.367855
-0.219455
-0.318133
-0.365177
-0.261254
-0.592998
-0.770090
-0.504982
4.269326
-0.087270
-0.469599
-0.485868
1.478811
10.663037
10.967616
6.756406
-0.293518
-0.589318
-0.475240
-0.259903
-0.408008
-0.454978
0.171434
-0.470778
0.924183
-0.194112
-0.378711
1.056146
-0.246697
-0.339719
-0.468326
-0.327713
2.768333
-0.197923
4.767475
1.819609
-0.538711
-0.354033
1.485190
-0.377594
-0.640996
-0.429652
-0.354502
-0.367117
-0.347466
-0.332710
-0.205791
6.324999
9.452245
-0.336193
3.616233
-0.300150
-0.183671
-0.477800
0.065381
7.899032
5.620780
-0.304398
-0.441374
1.528525
12.187244
1.855813
-0.133128
-0.485541
-0.512882
-0.311051
-0.394649
-0.664873
-0.369549
-0.104040
6.758702
-0.225614
-0.307844
-0.404172
-0.240148
-0.630287
-0.473362
-0.312708
-0.148290
-0.423626
-0.304784
-0.251277
-0.306902
-0.302193
-0.428103
0.785678
2.221551
2.510914
-0.329960
-0.533938
-0.186340
-0.000076
-0.067919
0.136554
-0.253856
-0.360818
-0.334474
-0.340559
0.708681
-0.250531
-0.429590
1.976712
-0.342496
-0.496825
-0.031597
3.374616
-0.433122
-0.318246
-0.135652
-0.327515
-0.565856
10.911452
4.297562
-0.429478
-0.538968
-0.163379
0.215881
-0.428905
-0.580648
-0.501514
-0.206520
6.295975
-0.302467
12.522906
-0.587129
-0.129242
-0.507247
-0.370607
3.479929
-0.219455
-0.318133
-0.365177
-0.261254
0.987070
0.986092
-0.504982
-0.292154
5.785216
2.207986
-0.485868
-0.294643
-0.246691
-0.147433
8.816679
-0.293518
-0.589318
-0.475240
-0.259903
-0.408008
-0.454978
1.122254
-0.470778
-0.445753
-0.194112
-0.378711
-0.406734
-0.246697
-0.468499
-0.468326
8.903617
-0.500929
-0.313912
5.302156
-0.646142
-0.538711
-0.354033
4.395270
-0.377594
-0.640996
-0.429652
-0.354502
-0.367117
-0.347466
4.735997
-0.205791
0.095483
-0.347280
-0.336193
-0.425477
-0.300150
-0.545216
2.025368
0.065381
-0.289836
-0.357188
-0.304398
-0.441374
-0.484735
-0.536523
-0.178866
-0.133128
-0.485541
7.114734
-0.311051
-0.394649
-0.664873
-0.369549
-0.423225
-0.161841
-0.225614
6.425171
-0.404172
-0.240148
3.858656
-0.473362
-0.312708
0.608769
-0.423626
7.643611
-0.251277
-0.306902
-0.302193
-0.428103
3.549932
4.955252
-0.312927
-0.329960
-0.533938
-0.186340
-0.471757
-0.067919
-0.354472
-0.253856
-0.360818
-0.334474
-0.340559
-0.389514
-0.250531
-0.429590
1.760170
-0.342496
0.381282
-0.031597
2.601045
-0.433122
-0.318246
2.073788
-0.327515
0.206340
0.641258
3.536312
-0.429478
-0.538968
3.980303
-0.526465
-0.428905
0.885651
-0.635035
-0.206520
-0.516953
-0.302467
-0.423085
5.494675
-0.129242
-0.507247
-0.370607
1.866864
-0.219455
-0.318133
0.469165
-0.261254
2.464376
2.732399
-0.504982
-0.292154
-0.162964
-0.469599
-0.485868
-0.294643
-0.246691
-0.147433
-0.359196
-0.293518
-0.589318
0.209411
-0.259903
-0.408008
-0.454978
0.595833
-0.470778
-0.445753
-0.194112
-0.378711
-0.406734
-0.246697
-0.468499
-0.468326
1.551397
-0.500929
9.689426
-0.497467
-0.646142
0.574051
-0.354033
3.345104
-0.377594
-0.640996
3.036126
-0.354502
2.435050
-0.347466
5.817022
-0.205791
1.522413
-0.347280
-0.336193
-0.425477
-0.300150
-0.545216
10.339992
0.065381
-0.289836
-0.357188
-0.304398
-0.441374
-0.484735
1.369767
-0.178866
-0.133128
-0.485541
6.155334
-0.311051
-0.394649
-0.664873
-0.369549
0.271686
-0.161841
-0.225614
-0.307844
-0.404172
-0.240148
3.876149
-0.473362
-0.312708
-0.624787
-0.423626
1.214389
-0.251277
-0.306902
-0.302193
-0.428103
2.821730
-0.720116
-0.312927
-0.329960
-0.533938
-0.186340
-0.471757
-0.067919
-0.354472
-0.253856
-0.360818
-0.334474
0.850102
-0.389514
-0.250531
-0.429590
2.639930
-0.342496
-0.496825
-0.031597
5.121073
-0.433122
-0.318246
0.969695
-0.327515
-0.714810
9.023526
5.117133
-0.429478
-0.538968
1.554067
2.938112
-0.428905
-0.580648
2.612409
-0.206520
4.316704
-0.302467
3.439493
-0.587129
-0.129242
-0.507247
-0.370607
0.707676
-0.219455
-0.318133
1.211521
-0.261254
5.299192
0.289948
-0.504982
-0.292154
-0.361669
-0.469599
-0.485868
-0.294643
-0.246691
-0.147433
-0.359196
-0.293518
2.143826
-0.475240
-0.259903
-0.408008
-0.454978
-0.568625
8.769043
-0.445753
-0.194112
-0.378711
-0.406734
-0.246697
-0.468499
-0.468326
6.261028
3.936605
-0.313912
-0.497467
-0.646142
4.983850
-0.354033
-0.424681
-0.377594
-0.640996
-0.429652
-0.354502
-0.367117
-0.347466
-0.332710
-0.205791
14.186861
-0.347280
0.478063
-0.425477
-0.300150
4.911237
-0.477800
0.065381
6.091026
-0.357188
-0.304398
-0.441374
-0.484735
10.710684
-0.178866
-0.133128
-0.485541
-0.512882
-0.311051
-0.394649
-0.664873
-0.369549
-0.423225
-0.161841
-0.225614
-0.307844
-0.404172
-0.240148
-0.215749
7.101862
-0.312708
5.064393
-0.423626
7.253633
-0.251277
-0.306902
2.984459
6.899925
6.129437
-0.720116
1.818588
-0.329960
-0.533938
1.925979
-0.471757
-0.067919
-0.354472
-0.253856
-0.360818
-0.334474
-0.340559
1.354515
-0.250531
4.533101
-0.529309
-0.342496
4.995912
-0.031597
-0.419758
4.703130
-0.318246
-0.135652
-0.327515
11.216369
11.676969
2.166872
-0.429478
-0.538968
-0.603397
-0.526465
-0.183222
-0.580648
-0.635035
-0.206520
-0.516953
-0.302467
-0.423085
2.901622
-0.129242
-0.507247
-0.370607
3.223208
-0.219455
-0.318133
5.469012
-0.261254
4.067806
11.909957
-0.504982
-0.292154
-0.361669
-0.469599
-0.485868
-0.294643
-0.246691
-0.147433
-0.359196
-0.293518
7.297104
-0.475240
-0.259903
-0.408008
1.365636
1.714229
0.409928
-0.445753
-0.194112
-0.378711
8.666041
-0.246697
-0.468499
8.200893
3.823627
15.266990
-0.313912
-0.497467
10.321356
-0.538711
-0.354033
-0.424681
-0.377594
1.741502
1.495425
-0.354502
-0.367117
-0.347466
-0.332710
-0.205791
-0.449285
-0.347280
18.313978
-0.425477
-0.300150
1.049143
4.324876
0.065381
3.651409
-0.357188
-0.304398
-0.441374
4.260246
-0.536523
2.786143
-0.133128
2.125002
-0.512882
5.021361
-0.394649
1.633472
-0.369549
1.380891
-0.161841
4.345862
-0.307844
-0.404172
-0.240148
7.701251
-0.473362
-0.312708
9.831223
-0.423626
-0.304784
-0.251277
6.522856
2.983796
6.136019
-0.641312
3.292812
-0.312927
-0.329960
11.426551
4.827621
-0.471757
-0.067919
-0.354472
-0.253856
-0.360818
-0.334474
6.658513
9.219193
4.340641
-0.253590
-0.529309
-0.342496
-0.496825
-0.031597
-0.419758
8.245192
13.669506
8.105768
-0.327515
11.023776
4.260541
-0.593826
-0.429478
19.651218
-0.473441
-0.526465
2.233115
-0.580648
-0.340921
-0.206520
-0.516953
-0.302467
-0.107655
-0.587129
1.778440
-0.507247
-0.370607
1.361339
-0.219455
-0.318133
-0.101014
-0.261254
1.584274
2.545880
-0.504982
0.638011
-0.361669
4.346297
-0.485868
-0.294643
-0.246691
2.979109
-0.359196
-0.293518
6.403282
11.652260
-0.259903
-0.408008
-0.454978
-0.453736
-0.470778
-0.445753
-0.194112
-0.378711
-0.406734
-0.246697
0.149399
-0.468326
-0.327713
1.935115
-0.313912
-0.497467
2.195719
-0.538711
-0.354033
-0.424681
-0.377594
0.948870
0.227198
-0.354502
-0.367117
-0.347466
-0.332710
5.474816
-0.449285
2.662876
-0.336193
-0.425477
-0.300150
1.808655
-0.477800
0.065381
-0.289836
-0.357188
-0.304398
-0.441374
0.456227
-0.536523
-0.178866
-0.133128
-0.485541
-0.512882
6.090209
-0.394649
-0.099881
-0.369549
-0.267609
-0.161841
2.759450
-0.307844
-0.404172
-0.240148
1.051582
-0.473362
2.368946
3.605936
-0.423626
-0.304784
-0.251277
-0.306902
-0.302193
-0.428103
-0.641312
0.658729
-0.312927
-0.329960
4.249716
2.617419
-0.471757
-0.067919
-0.354472
-0.253856
-0.360818
-0.334474
-0.340559
0.238172
-0.250531
-0.429590
-0.529309
-0.342496
-0.496825
1.397798
-0.419758
-0.433122
1.811816
-0.135652
-0.327515
0.467960
-0.480061
-0.593826
-0.429478
-0.538968
3.377765
-0.526465
1.290468
-0.580648
1.343140
-0.206520
-0.516953
-0.302467
-0.423085
0.048818
4.323664
-0.507247
-0.370607
-0.367855
-0.219455
-0.318133
-0.365177
-0.261254
-0.592998
-0.770090
-0.504982
-0.292154
-0.361669
-0.469599
-0.485868
-0.294643
-0.246691
-0.147433
-0.359196
-0.293518
0.095436
0.683546
-0.259903
-0.408008
0.533290
-0.568625
-0.470778
0.764844
-0.194112
-0.378711
0.069155
-0.246697
1.085880
-0.468326
-0.327713
0.599028
1.190219
-0.497467
1.450956
-0.538711
-0.354033
-0.424681
-0.377594
-0.513624
1.336371
-0.354502
-0.367117
-0.347466
-0.332710
3.604872
-0.449285
3.926708
-0.336193
3.039898
-0.300150
1.537732
-0.477800
0.065381
-0.289836
0.032181
-0.304398
0.355003
1.154397
-0.536523
-0.178866
-0.133128
-0.485541
-0.512882
5.975066
-0.394649
-0.664873
1.295634
0.035811
-0.161841
0.050444
-0.307844
-0.404172
-0.240148
1.814819
-0.473362
1.611143
3.604837
-0.423626
-0.304784
-0.071237
-0.306902
-0.302193
-0.428103
-0.641312
2.589422
-0.312927
-0.329960
2.597797
0.665360
-0.471757
0.880396
-0.354472
-0.253856
-0.360818
-0.334474
-0.340559
0.026048
-0.250531
-0.429590
0.694469
-0.342496
-0.496825
2.915041
-0.419758
-0.433122
-0.318246
-0.135652
-0.327515
-0.400507
-0.480061
-0.593826
-0.429478
-0.538968
2.943178
-0.526465
1.004583
-0.580648
1.276574
-0.206520
-0.516953
-0.302467
0.290000
0.144153
3.224423
-0.507247
-0.370607
-0.367855
-0.219455
-0.318133
-0.365177
-0.261254
-0.592998
-0.770090
-0.504982
-0.292154
-0.361669
4.340313
-0.275311
-0.294643
-0.246691
0.200682
1.713764
-0.293518
-0.589318
0.840346
-0.094262
-0.408008
-0.454978
-0.568625
-0.470778
4.396086
6.193216
-0.378711
-0.406734
-0.246697
2.731656
-0.468326
-0.327713
-0.500929
-0.313912
-0.497467
1.994196
0.869035
-0.354033
4.413633
-0.377594
2.562117
-0.429652
-0.354502
-0.367117
-0.347466
-0.332710
-0.205791
-0.449285
2.430014
-0.336193
-0.425477
-0.300150
-0.545216
-0.066138
0.065381
0.448347
13.639722
-0.304398
-0.441374
0.522939
2.587729
3.771539
-0.133128
0.449061
-0.512882
-0.311051
-0.394649
0.636633
0.302456
-0.423225
-0.161841
-0.225614
-0.307844
4.353308
-0.240148
-0.630287
-0.473362
0.893907
-0.624787
-0.423626
3.241705
-0.251277
-0.306902
-0.302193
0.269193
-0.487705
-0.720116
-0.312927
-0.329960
-0.533938
-0.186340
2.724858
-0.067919
-0.354472
-0.248576
-0.360818
1.258798
-0.340559
-0.252568
-0.250531
-0.429590
-0.529309
-0.342496
-0.496825
-0.031597
0.581528
-0.433122
-0.318246
-0.135652
-0.327515
-0.714810
5.690748
2.103816
-0.429478
-0.538968
1.723292
0.045008
-0.428905
1.337749
-0.216293
-0.206520
9.334077
-0.302467
6.880615
-0.587129
-0.129242
1.743397
-0.370607
-0.277361
-0.219455
-0.318133
-0.365177
0.045195
-0.338919
-0.770090
-0.504982
-0.292154
1.615474
2.371959
0.834705
2.019332
-0.246691
-0.147433
2.737490
-0.293518
-0.589318
-0.475240
-0.259903
1.230972
1.199367
0.134422
-0.470778
-0.445753
-0.194112
-0.378711
-0.406734
-0.246697
0.426201
0.205911
-0.327713
-0.500929
-0.313912
5.928187
-0.646142
-0.538711
-0.354033
7.449491
1.181855
2.811237
1.276783
0.495128
-0.367117
-0.347466
-0.332710
-0.205791
-0.449285
-0.347280
-0.336193
-0.425477
-0.300150
-0.418175
3.946159
0.065381
-0.289836
6.907735
-0.304398
-0.441374
1.590306
-0.536523
-0.178866
-0.133128
-0.485541
0.148881
-0.311051
-0.394649
-0.664873
-0.369549
-0.423225
4.093143
-0.225614
-0.307844
-0.404172
-0.240148
3.597384
1.503961
-0.312708
-0.031104
-0.423626
5.440203
-0.251277
-0.306902
-0.302193
6.095790
2.499366
0.025742
-0.312927
-0.329960
-0.533938
-0.186340
5.098297
-0.067919
-0.354472
-0.253856
-0.360818
-0.334474
-0.340559
-0.389514
-0.250531
-0.429590
1.757573
-0.342496
0.092518
-0.031597
-0.419758
-0.433122
-0.318246
-0.135652
-0.327515
-0.228054
6.815339
4.379236
-0.429478
-0.538968
3.806413
0.194748
-0.428905
-0.580648
-0.121845
-0.206520
-0.516953
-0.302467
-0.423085
2.917622
-0.129242
-0.507247
-0.370607
-0.367855
-0.219455
-0.318133
2.749017
-0.261254
1.436128
-0.770090
-0.504982
-0.292154
-0.361669
6.296528
-0.485868
-0.294643
-0.246691
-0.147433
-0.359196
-0.293518
-0.589318
-0.475240
-0.259903
0.923262
-0.454978
-0.568625
-0.470778
1.640867
-0.194112
-0.378711
-0.406734
-0.246697
-0.468499
-0.076874
1.850538
-0.500929
0.663486
-0.497467
-0.646142
-0.538711
-0.354033
2.000324
-0.377594
4.269840
0.585756
4.105816
-0.367117
-0.347466
-0.332710
-0.205791
4.836992
-0.347280
-0.013511
-0.425477
-0.300150
-0.489912
2.930267
0.065381
-0.289836
-0.357188
-0.304398
1.519080
-0.484735
6.008726
-0.178866
-0.133128
-0.485541
3.464577
-0.311051
-0.394649
-0.664873
0.373545
0.999397
-0.161841
-0.225614
5.411431
-0.404172
-0.240148
2.782223
-0.473362
-0.312708
2.117021
-0.423626
1.110905
-0.251277
-0.306902
-0.302193
2.417274
4.595843
-0.720116
3.920170
-0.329960
-0.263976
-0.186340
3.238060
-0.067919
2.509535
-0.253856
-0.360818
-0.334474
-0.340559
-0.389514
-0.250531
-0.429590
5.405725
-0.342496
-0.496825
-0.031597
0.337410
-0.433122
-0.318246
-0.135652
-0.327515
0.716801
7.170285
1.835839
-0.429478
4.403682
2.058244
-0.526465
-0.428905
-0.580648
-0.635035
-0.206520
-0.516953
-0.302467
-0.423085
-0.587129
-0.129242
-0.507247
-0.370607
-0.071278
-0.219455
-0.318133
1.148786
-0.261254
2.235535
-0.133749
-0.504982
-0.292154
-0.361669
-0.469599
5.990156
-0.294643
-0.246691
-0.147433
-0.359196
-0.293518
0.061034
1.510532
-0.259903
-0.408008
-0.454978
-0.568625
-0.470778
-0.063938
-0.194112
-0.378711
-0.406734
-0.246697
-0.468499
-0.468326
0.183388
-0.500929
6.921383
-0.497467
-0.646142
1.197530
-0.354033
0.886484
-0.377594
1.455801
3.386466
-0.354502
2.127691
-0.347466
0.717189
-0.205791
2.700219
-0.347280
-0.336193
3.848786
-0.300150
-0.545216
7.909327
0.065381
-0.289836
-0.357188
-0.304398
-0.441374
-0.484735
21.820513
-0.178866
-0.133128
-0.485541
4.501481
-0.311051
1.680002
-0.664873
-0.369549
0.474210
-0.161841
-0.225614
-0.307844
-0.404172
-0.240148
1.816713
-0.473362
-0.312708
-0.624787
-0.423626
-0.304784
-0.251277
-0.306902
-0.302193
-0.428103
2.853117
5.466407
-0.195693
0.086636
-0.533938
-0.186340
-0.471757
-0.067919
4.571113
-0.253856
8.004838
6.546716
1.946900
-0.389514
5.478825
-0.429590
-0.529309
-0.342496
-0.496825
-0.031597
2.411298
-0.433122
-0.318246
-0.135652
-0.327515
-0.714810
12.045181
4.168593
-0.429478
-0.538968
-0.603397
2.509737
-0.428905
-0.580648
4.569161
0.871791
0.477274
-0.302467
-0.115646
-0.587129
-0.129242
-0.507247
-0.370607
-0.367855
-0.219455
-0.318133
-0.365177
-0.261254
7.539406
-0.770090
-0.504982
-0.292154
-0.361669
-0.469599
-0.485868
-0.294643
-0.246691
-0.147433
-0.359196
-0.293518
0.686218
-0.475240
-0.259903
-0.408008
-0.454978
10.074971
-0.470778
-0.445753
-0.194112
-0.378711
1.804341
-0.246697
-0.468499
-0.468326
-0.327713
5.985783
-0.313912
2.060265
-0.646142
1.913145
-0.354033
-0.424681
-0.377594
-0.640996
3.886728
-0.354502
-0.367117
-0.347466
-0.332710
-0.205791
10.320424
-0.347280
-0.336193
-0.425477
-0.300150
2.353540
6.983343
0.065381
4.117390
-0.357188
-0.304398
1.598234
-0.484735
15.230359
-0.178866
-0.133128
-0.485541
-0.512882
-0.311051
-0.394649
-0.664873
-0.369549
0.477842
-0.161841
-0.225614
-0.307844
-0.404172
-0.240148
-0.630287
2.002168
-0.312708
-0.524004
-0.423626
-0.304784
-0.251277
-0.306902
2.982598
-0.428103
3.595836
-0.720116
-0.312927
-0.329960
2.365916
-0.186340
-0.471757
-0.067919
-0.354472
-0.253856
-0.360818
-0.334474
-0.340559
-0.389514
-0.250531
3.899008
-0.529309
3.477972
3.532954
-0.031597
-0.419758
4.248428
-0.318246
-0.135652
-0.327515
12.742719
10.040084
-0.593826
-0.429478
-0.538968
-0.603397
0.355066
-0.428905
1.469446
0.334621
-0.206520
-0.516953
-0.302467
-0.423085
6.169009
-0.129242
-0.507247
-0.370607
3.186977
-0.219455
-0.318133
-0.234466
-0.261254
2.608662
12.179981
-0.504982
-0.292154
-0.361669
-0.469599
-0.485868
-0.294643
-0.246691
-0.147433
-0.359196
-0.293518
3.731155
-0.475240
-0.259903
-0.408008
-0.090772
1.861796
-0.470778
-0.445753
-0.194112
-0.378711
8.353259
-0.246697
-0.468499
3.030609
4.065967
12.397822
-0.313912
-0.497467
8.883702
0.626853
-0.354033
-0.424681
-0.377594
-0.519091
0.557247
4.409996
-0.367117
-0.347466
-0.332710
-0.205791
-0.449285
-0.347280
13.179130
-0.425477
-0.300150
1.699231
3.843876
0.065381
-0.289836
-0.357188
-0.304398
-0.441374
-0.484735
-0.536523
2.525126
-0.133128
-0.485541
-0.512882
2.520148
-0.394649
-0.664873
-0.369549
0.632550
-0.161841
1.239022
-0.307844
-0.404172
-0.240148
1.158223
-0.473362
2.150321
1.105201
-0.423626
-0.304784
-0.251277
6.447223
5.120695
5.948055
-0.641312
4.604906
6.393589
-0.329960
8.598840
-0.186340
-0.471757
-0.067919
0.677413
2.502098
-0.360818
-0.334474
3.368737
5.597529
0.099362
4.470025
-0.529309
4.116723
-0.496825
-0.031597
-0.419758
6.881501
16.053028
3.599450
-0.327515
13.258405
6.220204
-0.593826
-0.429478
9.761280
0.037768
-0.526465
2.614477
-0.580648
2.268409
-0.206520
-0.516953
-0.302467
4.778446
-0.587129
-0.129242
-0.507247
-0.370607
4.820383
-0.219455
2.099542
3.044201
-0.261254
-0.305478
1.176154
-0.504982
-0.292154
-0.361669
1.708606
-0.485868
-0.294643
-0.246691
-0.147433
-0.359196
-0.293518
2.920353
6.158543
-0.259903
-0.408008
-0.454978
-0.247847
-0.470778
-0.445753
-0.194112
-0.378711
-0.406734
-0.246697
0.257304
-0.431460
-0.327713
3.679653
-0.313912
-0.497467
2.009992
-0.538711
-0.354033
-0.424681
-0.377594
1.641826
0.596994
-0.354502
-0.367117
-0.347466
-0.332710
4.784654
-0.449285
1.021179
-0.336193
-0.425477
-0.300150
1.743738
-0.477800
0.065381
-0.289836
-0.357188
-0.304398
-0.441374
0.411074
-0.536523
-0.178866
-0.133128
-0.485541
-0.512882
5.435605
-0.394649
-0.664873
-0.369549
-0.332946
-0.161841
5.078569
-0.307844
-0.404172
-0.240148
0.954159
-0.473362
2.090509
3.298384
-0.423626
-0.304784
-0.251277
-0.306902
-0.302193
-0.428103
-0.641312
1.436540
-0.312927
-0.329960
4.840071
3.469927
-0.471757
-0.067919
-0.354472
-0.253856
-0.360818
-0.334474
-0.340559
0.808543
-0.250531
-0.429590
-0.529309
-0.342496
-0.496825
0.294235
-0.419758
-0.433122
2.176466
-0.135652
-0.327515
2.031779
-0.480061
-0.593826
-0.429478
-0.538968
2.662028
-0.526465
2.277571
-0.580648
0.971908
-0.206520
-0.516953
-0.302467
-0.423085
-0.356415
4.093069
-0.507247
-0.370607
-0.367855
-0.219455
-0.318133
-0.365177
-0.261254
-0.592998
-0.725848
-0.504982
-0.292154
-0.361669
-0.469599
-0.485868
-0.294643
-0.246691
-0.147433
-0.359196
-0.293518
0.354570
0.783331
-0.259903
-0.408008
0.533290
-0.568625
-0.470778
0.764844
-0.194112
-0.378711
0.069155
-0.246697
1.085880
-0.468326
-0.327713
0.917412
1.190219
-0.497467
1.562050
-0.538711
-0.354033
-0.424681
-0.377594
-0.443907
1.336371
-0.354502
-0.367117
-0.347466
-0.332710
3.850227
-0.449285
3.573936
-0.336193
3.039898
-0.300150
1.602172
-0.477800
0.065381
-0.289836
0.032181
-0.304398
0.355003
1.510007
-0.536523
-0.178866
-0.133128
-0.485541
-0.512882
5.991718
-0.394649
-0.664873
1.295634
0.035811
-0.161841
0.217497
-0.307844
-0.404172
-0.240148
1.813186
-0.473362
1.627275
3.614947
-0.423626
-0.304784
0.022369
-0.306902
-0.302193
-0.428103
-0.641312
2.589422
-0.312927
-0.329960
2.757633
1.198248
-0.471757
0.880396
-0.354472
-0.253856
-0.360818
-0.334474
-0.340559
-0.014901
-0.250531
-0.429590
0.694469
-0.342496
-0.496825
2.937458
-0.419758
-0.433122
-0.318246
-0.135652
-0.327515
-0.321599
-0.480061
-0.593826
-0.429478
-0.538968
3.066218
-0.526465
1.315175
-0.580648
1.159171
-0.206520
-0.516953
-0.302467
0.290000
0.144153
3.330667
-0.507247
-0.370607
-0.367855
-0.219455
-0.318133
-0.365177
-0.261254
-0.592998
-0.770090
-0.504982
-0.292154
-0.361669
4.340313
-0.275311
-0.294643
-0.246691
0.200682
1.713764
-0.293518
-0.589318
0.874611
-0.259903
-0.408008
-0.454978
0.252370
-0.470778
-0.445753
-0.194112
-0.315420
-0.406734
-0.246697
-0.468499
-0.468326
-0.327713
-0.500929
-0.313912
-0.497467
-0.646142
0.096880
-0.354033
3.378019
-0.377594
-0.640996
0.182429
-0.354502
-0.367117
-0.347466
1.299450
-0.205791
-0.034861
3.072318
-0.336193
1.864418
-0.300150
-0.545216
3.661820
0.065381
-0.209125
-0.357188
-0.304398
-0.203240
-0.484735
1.181362
-0.178866
-0.133128
0.705587
-0.512882
-0.311051
-0.394649
0.009733
-0.369549
0.717484
-0.161841
-0.225614
-0.307844
-0.404172
-0.240148
-0.073724
-0.473362
-0.312708
0.075591
-0.423626
-0.304784
-0.251277
-0.306902
-0.302193
2.348013
1.203904
-0.720116
-0.119627
-0.329960
-0.533938
-0.186340
2.968938
-0.067919
-0.216870
-0.253856
-0.360818
-0.141317
-0.340559
-0.389514
-0.250531
-0.429590
-0.529309
-0.342496
-0.496825
-0.031597
1.956775
-0.433122
-0.318246
-0.135652
-0.327515
-0.117469
3.197403
1.677726
-0.429478
1.671426
3.236568
-0.025156
-0.428905
0.156933
1.308521
-0.206520
3.063119
-0.302467
1.505002
-0.587129
-0.129242
-0.507247
1.556923
0.787708
-0.219455
-0.318133
-0.365177
-0.261254
1.172930
0.593409
-0.504982
-0.292154
0.229836
0.083202
-0.485868
-0.294643
-0.246691
-0.147433
-0.359196
-0.293518
-0.589318
-0.475240
-0.259903
1.338996
-0.454978
0.691661
-0.470778
1.142937
-0.194112
-0.378711
-0.406734
-0.246697
-0.468499
-0.468326
-0.327713
-0.500929
-0.313912
-0.497467
-0.646142
-0.538711
-0.354033
1.941829
-0.377594
3.908063
0.326330
-0.354502
0.394960
-0.347466
-0.206973
-0.205791
2.207667
-0.347280
-0.336193
2.941716
-0.300150
0.049442
4.309611
0.065381
-0.289836
4.648181
-0.304398
-0.441374
-0.484735
1.651352
-0.178866
-0.133128
-0.485541
-0.512882
-0.311051
-0.394649
-0.664873
-0.369549
1.533527
-0.161841
-0.225614
-0.307844
-0.404172
-0.240148
4.171987
4.785163
-0.312708
-0.624787
-0.423626
5.643466
-0.251277
-0.306902
-0.302193
1.650751
0.871327
-0.720116
-0.312927
-0.329960
-0.533938
-0.186340
1.473080
-0.067919
1.611962
-0.253856
-0.360818
-0.334474
-0.340559
-0.389514
-0.250531
-0.429590
2.831715
-0.342496
-0.492854
-0.031597
-0.419758
-0.433122
-0.318246
-0.135652
-0.327515
-0.714810
5.861774
3.935141
-0.429478
-0.538968
0.100834
-0.097974
-0.428905
-0.580648
-0.635035
-0.206520
0.943224
-0.302467
-0.423085
0.113664
-0.129242
-0.507247
-0.370607
0.232061
-0.219455
-0.318133
-0.365177
-0.261254
0.752020
-0.248019
-0.504982
-0.292154
-0.361669
1.794202
-0.485868
-0.294643
-0.246691
-0.147433
-0.359196
-0.293518
-0.589318
-0.475240
-0.259903
-0.408008
2.044640
-0.568625
-0.470778
2.491821
-0.194112
-0.378711
-0.406734
-0.246697
-0.468499
-0.468326
-0.327713
-0.500929
7.304101
-0.497467
-0.646142
2.117469
-0.354033
3.403281
-0.377594
-0.640996
-0.162588
4.203495
-0.367117
-0.347466
-0.332710
-0.205791
0.969125
-0.347280
-0.336193
-0.425477
-0.300150
-0.279699
2.398943
0.065381
-0.289836
-0.357188
-0.304398
0.109525
-0.484735
9.160049
-0.178866
-0.133128
-0.485541
4.506693
-0.311051
-0.394649
-0.664873
-0.369549
1.168227
-0.161841
-0.225614
-0.307844
-0.404172
-0.240148
1.673550
1.333898
-0.312708
-0.624787
-0.423626
-0.304784
-0.251277
-0.306902
-0.302193
1.431618
2.556058
1.718219
5.413854
-0.329960
-0.533938
-0.186340
1.870904
-0.067919
3.962018
-0.253856
1.667136
-0.334474
-0.340559
2.068354
0.480265
-0.429590
5.794981
-0.342496
-0.496825
-0.031597
-0.270063
-0.433122
-0.318246
-0.077074
-0.327515
0.947718
14.279836
2.336632
-0.429478
-0.538968
-0.603397
5.280607
-0.428905
-0.580648
1.996655
-0.206520
-0.516953
-0.302467
-0.423085
1.350970
-0.129242
-0.507247
-0.370607
-0.367855
-0.079171
-0.318133
2.811008
-0.261254
1.448668
-0.696153
-0.504982
-0.292154
-0.361669
-0.469599
-0.485868
-0.294643
-0.246691
-0.147433
-0.359196
-0.293518
1.671273
-0.475240
-0.259903
-0.408008
-0.454978
-0.568625
-0.470778
-0.445753
-0.194112
-0.378711
-0.406734
-0.246697
-0.468499
-0.468326
2.197421
-0.500929
1.125433
1.761124
-0.646142
2.311018
-0.354033
-0.424681
-0.377594
1.442875
2.321392
-0.354502
3.970366
-0.347466
-0.332710
-0.205791
9.311510
-0.347280
-0.336193
-0.425477
-0.300150
-0.260887
13.846349
0.065381
-0.289836
-0.357188
-0.304398
-0.441374
-0.484735
18.897840
-0.178866
-0.133128
-0.485541
7.135224
-0.311051
-0.394649
-0.664873
-0.369549
-0.423225
-0.161841
-0.225614
-0.307844
-0.404172
-0.240148
-0.630287
-0.473362
-0.312708
-0.624787
-0.423626
1.393453
-0.251277
-0.306902
-0.302193
-0.428103
-0.222391
-0.720116
-0.299270
0.766791
0.212796
-0.186340
-0.471757
-0.067919
5.049082
-0.253856
3.453640
-0.334474
2.405113
-0.389514
-0.250531
-0.429590
-0.529309
-0.342496
-0.496825
-0.031597
1.064448
-0.433122
-0.318246
-0.135652
-0.327515
0.928077
8.008318
-0.593826
-0.429478
-0.538968
-0.603397
2.001524
-0.428905
-0.580648
-0.277114
-0.206520
1.024394
-0.302467
-0.423085
8.678348
-0.129242
-0.507247
-0.370607
1.349355
-0.219455
-0.318133
2.027149
-0.261254
5.168925
4.243857
-0.504982
-0.292154
-0.361669
-0.469599
-0.485868
-0.294643
-0.246691
-0.147433
-0.359196
2.362471
5.971800
-0.475240
-0.259903
-0.408008
-0.454978
7.777026
-0.470778
-0.445753
-0.194112
-0.378711
3.152815
4.766057
-0.468499
-0.468326
-0.327713
12.211294
-0.313912
1.279671
-0.441715
-0.538711
-0.354033
2.571404
-0.377594
-0.640996
7.851950
-0.354502
-0.367117
-0.347466
1.585700
-0.205791
4.092621
-0.347280
-0.336193
-0.425477
-0.300150
3.411973
10.613648
0.065381
3.085354
-0.357188
-0.304398
6.192428
-0.484735
-0.536523
-0.178866
-0.133128
-0.485541
-0.512882
-0.311051
-0.394649
-0.664873
-0.369549
3.275851
-0.161841
-0.225614
-0.307844
-0.404172
-0.240148
-0.630287
-0.473362
-0.251475
8.804098
-0.423626
-0.304784
-0.251277
-0.306902
8.223513
1.238147
-0.340766
-0.720116
-0.312927
-0.329960
3.236430
-0.186340
-0.471757
-0.067919
-0.354472
-0.253856
-0.360818
-0.334474
2.814402
0.835443
-0.250531
-0.043835
-0.529309
-0.342496
-0.496825
-0.031597
5.498530
5.080401
5.417301
-0.135652
-0.327515
8.684352
-0.480061
-0.593826
-0.429478
-0.538968
3.296125
-0.202556
-0.428905
5.756339
1.210041
-0.206520
-0.516953
-0.302467
4.807681
4.377452
-0.129242
-0.507247
-0.370607
6.735838
-0.219455
-0.318133
-0.365177
-0.261254
7.028546
11.548862
-0.504982
4.564505
-0.361669
-0.469599
-0.485868
-0.294643
-0.246691
-0.147433
-0.359196
-0.293518
2.494697
0.805782
-0.259903
-0.408008
-0.454978
5.906319
-0.470778
-0.445753
-0.194112
-0.378711
1.868226
-0.246697
-0.468499
-0.468326
1.933570
10.532462
-0.313912
-0.497467
4.139883
-0.370677
-0.354033
1.113326
-0.377594
0.569045
-0.107829
-0.354502
-0.367117
-0.347466
-0.332710
-0.205791
-0.268416
-0.347280
-0.336193
-0.425477
-0.300150
5.552412
3.170123
0.065381
3.453129
-0.357188
-0.304398
-0.441374
-0.484735
-0.536523
-0.178866
-0.133128
-0.485541
-0.512882
1.288962
-0.394649
-0.664873
-0.369549
-0.423225
-0.161841
-0.225614
-0.307844
-0.404172
-0.240148
4.580204
1.371700
4.092525
7.291879
-0.423626
-0.304784
-0.251277
2.811814
2.650726
5.853724
-0.528860
-0.720116
4.568106
-0.329960
1.431835
-0.186340
-0.471757
-0.067919
-0.354472
2.021026
-0.360818
-0.334474
-0.340559
4.682608
-0.250531
0.291945
-0.529309
-0.342496
-0.467643
-0.031597
1.472476
-0.433122
8.507843
-0.135652
-0.327515
10.321722
2.320252
-0.593826
-0.429478
-0.538968
7.222562
-0.526465
-0.428905
-0.580648
2.772727
-0.206520
-0.516953
-0.302467
1.881746
1.114078
-0.129242
-0.507247
-0.370607
6.041871
-0.219455
-0.318133
-0.365177
-0.261254
0.888889
2.875857
-0.504982
0.134386
1.551372
1.001207
-0.485868
-0.294643
-0.246691
-0.147433
-0.359196
-0.293518
-0.589318
-0.475240
-0.259903
-0.408008
0.331092
0.931639
-0.470778
-0.445753
-0.194112
-0.378711
-0.406734
-0.246697
-0.468499
-0.468326
-0.327713
3.460191
-0.313912
-0.497467
2.068996
-0.538711
-0.354033
-0.424681
-0.377594
0.487737
-0.072830
-0.354502
-0.367117
-0.347466
-0.332710
2.562437
-0.449285
1.007323
-0.336193
-0.425477
-0.300150
2.539983
-0.477800
0.065381
-0.289836
-0.357188
-0.304398
-0.441374
0.321994
-0.536523
-0.178866
-0.133128
-0.485541
-0.512882
4.419025
-0.394649
-0.664873
-0.369549
-0.423225
-0.161841
-0.225614
-0.307844
-0.404172
-0.240148
1.592201
-0.473362
1.907382
3.987914
-0.423626
-0.304784
-0.251277
-0.306902
-0.302193
-0.428103
-0.641312
0.270478
-0.312927
-0.329960
3.810267
0.138563
-0.471757
-0.067919
-0.354472
-0.253856
-0.360818
-0.334474
-0.340559
1.373419
-0.250531
-0.429590
-0.529309
-0.342496
-0.496825
-0.031597
-0.419758
-0.433122
3.084251
-0.135652
-0.327515
2.078950
-0.480061
-0.593826
-0.429478
-0.538968
5.194829
-0.526465
1.859404
-0.580648
1.234474
-0.206520
-0.516953
-0.302467
-0.423085
-0.587129
1.177442
-0.507247
-0.370607
-0.367855
-0.219455
-0.318133
-0.365177
-0.261254
-0.592998
-0.262033
-0.504982
-0.292154
-0.361669
-0.469599
-0.485868
-0.294643
-0.246691
-0.147433
-0.359196
-0.293518
-0.460532
0.990811
-0.259903
-0.408008
0.533290
-0.568625
-0.470778
0.764844
-0.194112
-0.378711
0.069155
-0.246697
1.085880
-0.468326
-0.327713
0.910057
1.190219
-0.497467
1.444941
-0.538711
-0.354033
-0.424681
-0.377594
-0.336262
1.336371
-0.354502
-0.367117
-0.347466
-0.332710
2.919109
-0.449285
3.834647
-0.336193
3.039898
-0.300150
1.597420
-0.477800
0.065381
-0.289836
0.032181
-0.304398
0.355003
1.243057
-0.536523
-0.178866
-0.133128
-0.485541
-0.512882
5.611094
-0.394649
-0.664873
1.295634
0.035811
-0.161841
0.050444
-0.307844
-0.404172
-0.240148
1.782405
-0.473362
1.625331
3.565110
-0.423626
-0.304784
-0.251277
-0.306902
-0.302193
-0.428103
-0.641312
2.589422
-0.312927
-0.329960
2.858187
0.910810
-0.471757
0.880396
-0.354472
-0.253856
-0.360818
-0.334474
-0.340559
0.092872
-0.250531
-0.429590
0.694469
-0.342496
-0.496825
2.470434
-0.419758
-0.433122
-0.318246
-0.135652
-0.327515
-0.190297
-0.480061
-0.593826
-0.429478
-0.538968
3.305395
-0.526465
1.240915
-0.580648
1.368944
-0.206520
-0.516953
-0.302467
0.290000
0.144153
3.224423
-0.507247
-0.370607
-0.367855
-0.219455
-0.318133
-0.365177
-0.261254
-0.592998
-0.770090
-0.504982
-0.292154
-0.361669
4.340313
-0.275311
-0.294643
-0.246691
0.200682
1.713764
-0.293518
-0.589318
1.091695
2.098344
-0.408008
0.281262
0.476613
0.982760
0.238471
-0.194112
-0.378711
-0.406734
-0.246697
-0.468499
-0.468326
-0.327713
-0.500929
-0.313912
-0.497467
-0.208595
0.812509
-0.354033
1.603330
0.403197
-0.640996
2.974065
-0.354502
1.304200
-0.347466
-0.332710
-0.205791
-0.104425
-0.347280
-0.336193
2.387894
-0.300150
0.968082
4.012926
0.762447
-0.289836
0.592364
-0.304398
1.356879
-0.484735
-0.536523
-0.178866
-0.133128
-0.356316
1.201795
-0.311051
-0.394649
0.504903
-0.369549
-0.423225
0.502016
-0.225614
-0.307844
0.732157
-0.240148
0.510179
-0.473362
-0.312708
0.584869
-0.423626
0.275706
-0.251277
-0.306902
-0.302193
-0.428103
0.149294
-0.720116
-0.312927
-0.329960
-0.533938
-0.186340
1.924795
-0.067919
0.462741
-0.253856
1.584589
0.676261
-0.340559
-0.389514
-0.250531
-0.429590
-0.492509
-0.342496
-0.496825
-0.031597
0.990713
-0.433122
-0.318246
-0.135652
-0.327515
-0.714810
1.605454
1.766379
-0.429478
-0.538968
2.092443
1.240042
-0.428905
0.381168
1.228055
-0.206520
0.369006
-0.302467
1.056300
-0.587129
-0.129242
-0.507247
-0.370607
0.266758
-0.219455
-0.318133
-0.365177
-0.261254
1.847070
1.601713
0.570680
2.343246
-0.049602
0.614898
-0.485868
-0.294643
-0.246691
-0.147433
-0.359196
-0.293518
-0.589318
-0.384140
-0.259903
-0.408008
-0.454978
0.220109
-0.470778
1.515220
-0.194112
-0.378711
-0.406734
-0.246697
-0.294211
-0.468326
-0.327713
-0.500929
-0.313912
-0.497467
-0.646142
0.556605
-0.354033
1.922059
-0.377594
-0.459507
0.389004
-0.354502
-0.367117
-0.347466
-0.332710
-0.205791
2.925554
-0.347280
-0.336193
-0.425477
-0.300150
1.278940
5.215612
0.065381
-0.289836
5.018643
-0.304398
2.382421
-0.254732
2.775817
3.256221
-0.133128
-0.485541
0.158314
-0.311051
5.596120
1.781674
-0.369549
2.575816
-0.161841
-0.225614
-0.307844
-0.404172
-0.240148
-0.453228
-0.473362
-0.312708
0.941132
-0.423626
3.403507
-0.251277
-0.306902
-0.302193
-0.428103
0.545558
-0.720116
0.888259
-0.329960
-0.533938
-0.186340
-0.302806
-0.067919
1.812635
-0.253856
-0.360818
-0.334474
-0.340559
-0.389514
-0.250531
-0.429590
-0.529309
-0.342496
-0.496825
-0.031597
1.908911
-0.433122
-0.318246
-0.135652
-0.327515
-0.714810
2.292807
3.698020
-0.429478
-0.538968
1.576653
-0.052961
-0.428905
-0.580648
0.601345
-0.206520
1.392276
-0.302467
0.858717
-0.587129
-0.129242
-0.507247
-0.370607
1.520642
-0.219455
-0.318133
-0.365177
-0.261254
2.326349
0.011341
0.683924
8.170319
-0.299846
-0.469599
0.412445
-0.294643
-0.246691
-0.147433
-0.359196
-0.293518
-0.589318
-0.269726
-0.259903
-0.408008
-0.052994
0.568498
-0.470778
3.225302
-0.194112
4.379539
1.275779
-0.246697
-0.468499
-0.468326
-0.327713
-0.500929
7.783000
-0.497467
-0.646142
1.720397
-0.354033
-0.220200
-0.377594
-0.640996
10.665280
-0.354502
2.802028
-0.347466
5.666480
-0.205791
0.485234
-0.347280
-0.336193
-0.425477
-0.300150
2.278455
8.491014
0.065381
-0.289836
-0.357188
-0.304398
1.905507
-0.484735
8.059431
-0.178866
-0.133128
-0.485541
4.419765
-0.311051
1.909168
0.162156
-0.369549
-0.354609
8.280815
-0.225614
-0.307844
-0.404172
-0.240148
4.139459
2.229150
-0.312708
0.006921
-0.423626
5.387858
-0.251277
-0.306902
-0.302193
-0.428103
2.205417
1.609127
2.000459
-0.329960
-0.533938
-0.186340
-0.471757
-0.067919
4.648060
-0.253856
-0.360818
5.379984
-0.340559
-0.356987
-0.250531
-0.429590
-0.529309
-0.342496
-0.496825
-0.031597
1.646752
-0.433122
-0.318246
3.318892
-0.327515
-0.714810
9.642408
6.410493
-0.429478
-0.538968
3.146278
3.648841
-0.428905
-0.580648
2.760770
-0.206520
-0.516953
-0.302467
0.790954
1.268504
-0.129242
-0.507247
-0.370607
2.360735
0.071431
-0.318133
4.666827
-0.261254
4.945733
0.315910
1.478526
6.277746
-0.361669
-0.469599
-0.485868
-0.294643
-0.246691
-0.147433
0.566148
-0.293518
2.584340
-0.475240
-0.259903
-0.408008
-0.454978
3.470433
-0.470778
-0.445753
-0.194112
4.682910
-0.406734
9.489673
-0.468499
-0.468326
5.804207
9.254893
-0.313912
8.974326
-0.646142
-0.510557
-0.354033
2.240244
-0.377594
-0.640996
9.643905
-0.354502
-0.367117
-0.347466
7.015288
-0.205791
9.872105
-0.347280
-0.336193
-0.425477
9.204942
1.862559
0.489230
0.065381
-0.200574
-0.357188
-0.304398
-0.441374
2.683287
13.303560
-0.178866
-0.133128
0.285575
2.147415
-0.311051
5.186598
-0.664873
-0.369549
-0.423225
2.112670
-0.225614
-0.307844
-0.404172
-0.240148
-0.630287
-0.473362
-0.312708
2.678970
-0.423626
8.988046
-0.251277
-0.306902
5.592910
-0.428103
4.701372
-0.334743
2.172448
-0.329960
0.592165
-0.186340
-0.471757
-0.067919
0.200594
5.941692
-0.360818
-0.334474
-0.340559
-0.086155
-0.250531
-0.429590
-0.529309
-0.342496
2.953757
-0.031597
6.295767
-0.359422
-0.318246
-0.135652
6.433267
3.349654
3.944127
-0.034297
-0.429478
-0.538968
3.805352
0.926904
6.236994
0.144310
1.881110
1.801174
-0.516953
-0.302467
-0.423085
1.319025
-0.129242
-0.507247
-0.370607
5.961281
-0.219455
-0.318133
7.959252
-0.261254
4.774963
11.852288
-0.504982
16.570030
0.408715
-0.469599
-0.485868
-0.294643
-0.246691
-0.147433
-0.359196
-0.293518
6.135995
7.318279
-0.259903
-0.408008
-0.454978
1.782874
-0.470778
-0.445753
-0.194112
1.746559
3.766222
-0.246697
-0.468499
-0.106695
3.190063
11.991403
-0.313912
-0.497467
5.326453
4.257132
-0.354033
3.202296
-0.377594
-0.640996
-0.429652
0.435372
-0.367117
0.258285
6.620605
-0.205791
3.320841
-0.347280
-0.336193
-0.425477
6.024200
0.880137
8.009217
0.065381
5.996325
-0.357188
-0.304398
1.961992
-0.484735
-0.536523
-0.178866
-0.133128
0.961607
5.484015
13.494611
-0.394649
2.292378
2.487407
2.892202
0.502422
-0.225614
-0.307844
-0.404172
-0.240148
4.538789
-0.473362
8.406120
9.481442
-0.423626
-0.304784
-0.251277
2.162459
12.757232
2.633398
-0.436001
1.342398
6.932557
-0.329960
1.846175
-0.186340
-0.471757
-0.067919
-0.354472
10.633289
4.950714
-0.334474
4.989821
2.752014
-0.250531
-0.429590
-0.529309
-0.342496
-0.496825
-0.031597
5.161622
11.792114
11.244706
4.214662
1.755844
5.252112
3.746466
-0.593826
-0.429478
4.834941
10.341082
-0.526465
0.987576
4.556242
4.998728
-0.206520
-0.516953
-0.302467
4.629681
-0.587129
-0.129242
-0.507247
-0.370607
7.534272
-0.219455
0.176036
-0.365177
0.291434
6.692170
3.600465
3.023396
4.890318
4.643643
2.591376
-0.485868
-0.294643
-0.246691
0.577848
-0.359196
-0.293518
4.235952
5.790186
-0.259903
-0.408008
-0.454978
3.884826
-0.470778
-0.445753
1.635551
5.315558
-0.406734
-0.246697
-0.468499
-0.468326
-0.327713
0.917125
-0.313912
-0.497467
1.528370
0.820126
1.185584
0.836391
-0.377594
-0.640996
-0.429652
-0.354502
-0.367117
0.372264
-0.332710
2.033422
0.360569
-0.347280
-0.336193
-0.425477
-0.300150
3.917413
-0.477800
0.065381
-0.289836
-0.357188
-0.304398
-0.441374
-0.484735
-0.536523
-0.178866
-0.133128
-0.485541
-0.512882
7.785594
-0.394649
0.471482
-0.369549
-0.419597
-0.161841
-0.225614
-0.307844
-0.404172
-0.240148
3.946316
1.071685
2.453406
5.739142
-0.423626
-0.304784
-0.251277
-0.306902
-0.302193
2.557632
-0.409634
0.806716
-0.312927
-0.329960
-0.533938
-0.186340
-0.206455
-0.067919
-0.354472
2.091473
-0.360818
-0.334474
-0.340559
1.060381
-0.250531
-0.429590
-0.529309
-0.342496
0.277508
-0.031597
2.623966
-0.433122
1.315471
-0.135652
-0.327515
1.024030
1.144935
-0.593826
-0.429478
-0.538968
4.823512
-0.526465
2.165303
-0.580648
-0.054480
-0.206520
-0.516953
1.034357
-0.423085
0.883377
-0.129242
-0.507247
-0.370607
1.192160
-0.219455
-0.318133
-0.365177
-0.261254
-0.197237
2.836810
-0.504982
-0.292154
4.624455
-0.058442
-0.485868
-0.294643
-0.246691
-0.147433
1.810713
-0.293518
-0.298835
-0.475240
-0.259903
-0.408008
-0.454978
0.169646
-0.470778
-0.445753
-0.194112
-0.378711
-0.406734
-0.246697
-0.468499
-0.468326
-0.327713
1.265743
-0.313912
-0.497467
1.854096
0.090285
3.682854
-0.424681
-0.377594
-0.173535
-0.429652
-0.354502
-0.367117
1.573449
-0.332710
5.529145
-0.449285
-0.347280
-0.336193
-0.425477
-0.300150
2.242960
-0.477800
0.065381
-0.289836
-0.255648
-0.304398
-0.441374
0.464589
-0.536523
-0.178866
-0.133128
-0.485541
-0.512882
7.219367
-0.394649
0.189342
-0.369549
0.523946
-0.161841
-0.217303
-0.307844
-0.404172
-0.240148
2.479378
-0.094892
2.946672
3.234645
-0.423626
-0.304784
1.762235
-0.306902
-0.302193
-0.409348
-0.641312
1.270080
-0.312927
-0.329960
1.352564
-0.186340
-0.471757
-0.067919
-0.354472
2.399445
-0.360818
-0.334474
-0.340559
0.954215
-0.250531
-0.429590
-0.529309
-0.342496
0.472578
-0.031597
-0.419758
-0.433122
3.034890
-0.135652
-0.327515
0.263934
0.807981
-0.593826
-0.429478
-0.538968
3.420492
-0.526465
2.640807
-0.580648
0.102475
-0.206520
-0.516953
-0.302467
-0.423085
-0.395778
-0.129242
-0.507247
-0.370607
-0.238693
-0.219455
-0.318133
-0.365177
-0.261254
-0.592998
-0.723058
-0.504982
-0.292154
3.498806
0.222791
-0.485868
-0.294643
-0.246691
-0.147433
0.382227
-0.293518
0.003730
1.440327
-0.259903
-0.408008
-0.073028
-0.568625
-0.470778
1.270373
-0.194112
-0.378711
-0.272351
-0.246697
0.370173
-0.468326
-0.327713
0.358961
0.881599
-0.497467
1.001164
-0.408590
2.206576
-0.424681
-0.377594
-0.462126
0.489255
-0.354502
-0.367117
0.320881
-0.332710
4.514749
-0.449285
2.570846
-0.336193
2.003206
-0.300150
1.406762
-0.477800
0.065381
0.677488
1.473572
-0.304398
0.792525
1.653375
0.345528
-0.178866
-0.133128
-0.485541
-0.512882
6.746557
-0.394649
-0.360364
1.806890
0.725013
-0.161841
0.562579
-0.307844
-0.404172
-0.240148
2.442824
-0.473362
2.103296
2.420498
-0.423626
-0.304784
1.886871
-0.306902
-0.302193
-0.428103
-0.641312
2.762782
-0.312927
-0.329960
1.552984
0.241169
-0.340412
0.358480
-0.354472
0.174376
-0.360818
-0.334474
-0.340559
-0.066150
-0.250531
-0.429590
0.018342
-0.342496
0.499006
-0.019157
-0.419758
-0.433122
0.859267
-0.135652
-0.327515
-0.714810
0.667130
-0.593826
-0.429478
-0.267851
1.941578
-0.526465
1.943907
-0.580648
-0.106998
-0.206520
-0.516953
-0.302467
0.247994
0.071885
2.603734
-0.507247
-0.370607
0.042190
-0.219455
-0.318133
-0.365177
-0.261254
-0.592998
-0.770090
-0.504982
-0.292154
2.569280
3.711600
-0.485868
-0.294643
0.712175
1.914166
1.760115
-0.293518
-0.589318
1.233283
